19345
9781
6623
15766
31232
8959
20087
21795
28821
28619
7610
28842
851
986
2033
7454
8686
3171
20613
28435
12860
11575
19476
26752
28390
13477
21700
27587
7779
18075
22743
24549
13863
17167
14208
27168
15895
27549
24565
24734
2113
3186
26310
23172
4298
11368
1389
303
6695
2162
14374
1725
22928
24123
28161
26064
18354
18954
32565
20110
27045
15337
23991
25837
9757
18438
13323
13357
31460
22105
26203
31654
9864
30087
10694
14531
6737
21767
9722
4687
18549
10883
21765
2287
8847
1665
5480
4336
23630
23618
8813
31043
18026
16618
26299
17350
21981
9698
23848
21190
11087
4731
29646
4033
11986
8404
9569
28528
5071
16893
15552
30468
22848
3420
30409
9905
6688
8016
30322
28009
16928
19221
16149
2538
31388
9192
10508
31994
25549
8555
1150
28913
28224
25418
24184
14969
26759
22559
7232
22162
5422
19347
24806
2521
23793
8134
28955
1289
28971
13810
2374
12994
29330
19019
22997
4745
28706
18217
7633
17681
21079
21352
32694
11704
1695
8207
16513
19797
32527
14641
21770
14897
23125
24081
28052
22867
18414
9353
7075
15617
31897
27565
2574
19587
19211
25003
31572
6442
13540
8438
563
1169
2018
10403
10359
7203
23380
13331
30737
19933
466
13778
6760
23125
17196
31167
500
10236
29344
12909
21000
23456
13648
30154
30959
23093
3315
27902
12347
6100
31434
15254
22362
22532
20181
25058
23658
17209
30536
7835
10062
30106
25657
5065
15106
27399
21403
13028
299
27739
6511
13370
29683
25070
14393
7568
6675
12127
23985
7180
2353
31888
6076
13651
25197
4081
21914
5102
32055
7682
2401
29426
13411
12819
32170
27872
2431
5198
13194
12746
4708
20728
23748
26807
25867
17652
17980
16457
30114
21385
18095
29341
6879
10597
1442
16499
11413
12513
11928
10127
28805
7046
25736
22623
18806
9424
2446
11997
23688
29235
12001
12983
8389
13404
16645
25261
3321
28089
17474
20283
22467
571
13652
18553
32237
29787
25188
9023
761
29531
20535
22924
8188
7886
32678
2601
21680
9050
10062
7049
3780
5309
13704
1524
23414
10510
11932
2277
22372
14661
15153
20400
20639
11006
31496
18791
20226
10106
28650
14335
30402
17383
5343
15023
31045
32481
30113
22425
2104
14136
23120
18604
32476
32756
23399
4041
13728
30102
29167
5668
13301
30881
22515
23278
13406
29017
19763
30001
11974
203
5148
27899
23831
17165
15096
12222
28168
1735
1379
9207
23095
7666
2558
8206
3959
11232
22631
18557
26219
5245
15208
6453
5716
28884
27502
7741
6951
11477
17725
8093
16867
12885
22755
17530
20257
17750
25834
29058
29676
30089
4562
26251
1236
18705
447
24438
10046
1162
2158
15450
26878
13386
8045
29919
30248
23270
27276
23271
24866
26872
24719
28788
12542
25120
27685
21702
10759
21321
6430
3267
1178
32302
8664
10908
1592
24092
28922
6318
12504
27129
27493
2982
31874
14213
5736
24553
20249
25568
28211
26163
9849
25933
143
25469
10434
10805
8140
18469
3826
10607
16890
25161
7610
18366
24668
3955
8330
13979
27417
12668
6895
12341
9525
27306
9246
13495
31936
25884
8401
11465
13133
10600
20305
5465
27302
18562
22996
6299
27070
23776
25354
14414
11751
9947
16627
27970
7237
18521
23027
24599
26499
25513
22568
8007
32196
8622
9979
30311
4829
25408
28405
19113
6849
8655
981
8358
18492
17225
30943
12122
25573
25918
20342
9328
3918
25411
29677
32192
18557
7316
31899
7191
16800
15613
24365
29494
24828
3322
4160
31517
32039
3357
16688
18057
10615
24752
12330
25275
9914
19356
16009
25723
19495
18313
16735
18013
31893
29767
16465
31811
31723
26476
5801
24611
14552
7999
10918
23562
24260
7381
12054
30049
17414
27002
8999
7536
2135
2899
1147
27424
30598
11585
26490
8709
1134
32263
27116
10907
28710
2736
13255
24528
29047
6187
31301
21955
28819
16441
14650
32204
11011
21897
5797
19388
21474
21280
9349
16486
1097
23295
29934
32094
4106
2048
13403
17920
4769
5890
15942
4532
18535
11077
24566
4977
2057
12823
15769
23168
28729
10673
3474
28803
7587
20316
7700
6325
32035
30936
22768
5235
3637
7421
14763
4348
10669
20387
27092
8821
8360
13504
30612
28720
18370
11984
23175
30253
17033
19578
15050
32737
9010
14704
11862
16439
12939
13975
24716
10965
29745
23912
22544
29344
15107
12950
20187
20866
25046
19440
20620
32107
31851
3466
4863
28309
5278
16919
15649
23309
18399
4762
4099
2927
22758
8510
9773
27888
2467
19329
15668
1186
20852
22424
15759
10228
17307
4367
29862
7800
14831
6321
13612
4330
6097
27559
20911
26989
14690
26084
9581
2327
25332
17344
8042
30384
17598
26338
959
27319
26323
25188
22325
23718
4437
4658
10514
30072
1253
16819
12083
2919
5983
9644
26715
2810
2244
11617
14539
28991
9336
28413
13587
15189
686
13107
3879
28462
32288
25638
22965
8595
12803
25478
5558
7529
5178
3068
15940
4146
32714
25033
18091
24535
17294
13994
16066
3492
2348
17662
4476
19092
10311
1578
4538
8399
14838
18493
18787
22129
117
18128
16055
28045
30491
19249
9184
25970
7820
6080
9418
8492
22832
8856
18229
5966
27620
25458
4361
12015
30447
14535
26857
28147
31543
10293
25866
23692
16309
32292
31814
16895
11046
4265
19820
7852
26115
10667
28891
1865
22708
23620
2127
17774
23041
18793
250
24918
8649
6094
15319
30948
21494
8964
4155
2020
14256
9700
23725
1428
28369
25649
6647
31586
16793
6009
9341
30968
21156
9020
12238
2422
20248
21585
6265
3582
28451
12164
2082
8566
23205
4996
8148
27017
17961
12797
7321
30959
23578
9217
10824
9967
17972
7596
22687
34
27448
1288
26257
13433
13540
28718
22497
9857
29218
20142
2288
32742
10624
16945
13524
28471
28640
27229
8617
29416
6000
10233
26412
21917
19165
6994
902
16294
26820
25053
12901
453
13162
22301
14929
32056
10412
23751
9278
19699
5689
28197
4445
5166
15870
696
9016
5663
7906
1057
10750
31497
13748
23362
3355
26229
19041
22688
8716
17087
7531
31755
25970
26069
2454
24450
19045
29500
28133
18769
5130
8020
29636
10620
28008
14300
1415
1632
13175
5560
2323
7320
9594
23538
13019
13854
28559
10240
1295
31922
17285
5957
20239
19328
29677
17882
16678
17405
17780
10893
26741
10770
27248
29738
10029
19324
23736
19450
32002
30323
2489
8586
13276
17289
1222
25517
17615
14038
13232
19140
2381
31826
10647
6205
3226
17282
9215
28506
4481
32343
24102
11060
8262
1875
11926
22015
12507
29421
8950
9615
17750
4151
3621
8475
2211
23742
15498
21570
17782
28593
17061
13131
18820
8262
6634
5297
2291
27482
32720
25567
5647
23640
19237
28984
16702
32091
11172
858
30006
4759
1993
3492
9069
9461
27876
12278
21713
8189
17773
25527
12986
1785
18839
31261
7197
1367
24103
20392
6914
24144
21895
22768
20024
32711
18198
27809
6983
15476
28867
28356
15526
28993
22234
16704
46
6644
5661
7584
18895
6415
7191
15382
11906
14068
14765
27584
15230
7245
17398
43
15791
19371
14157
14358
7524
24173
4260
376
8776
2276
20763
16068
13203
10677
24529
29035
26753
26750
15865
28066
32004
10172
16689
31591
32437
19948
18448
2238
17937
10736
7422
20801
4066
30389
31561
7895
19195
16915
27253
1988
28200
15092
25555
19938
27237
10937
30293
17197
3406
7641
23712
22405
26583
32715
14691
13232
3389
11815
28135
1439
15933
18184
16104
25074
21635
14004
15268
24254
613
18559
6961
19341
15057
16108
1043
10918
21892
14102
29198
20367
17277
23374
11833
18129
26546
10502
3412
27387
26625
19950
26715
19177
2665
24668
859
17734
29306
30449
22149
32080
21258
25466
28033
3291
26666
5396
20741
6041
19801
26004
11941
9112
1015
22053
13037
23308
15868
32563
18861
6991
16617
14216
14484
29990
29951
14005
18432
582
29871
14004
28181
13335
12371
22731
12301
32695
31259
20915
11726
2882
3658
8442
3010
16465
27554
22438
12003
26560
4124
12827
32533
12981
28125
2367
9145
21725
11366
24283
28287
5113
2571
2373
26747
28826
29094
16956
13692
19496
6284
7443
16793
12329
14528
10258
27916
6848
15207
15641
10820
29812
26492
17798
16949
4915
26821
30041
13043
28311
17158
16790
23679
26984
1396
5611
28640
21601
21100
3475
21622
3639
3941
13178
30604
25815
20772
3490
14892
7151
22575
30661
28983
15537
12675
4412
11189
4820
20361
16927
13161
31451
12103
7086
31656
26009
24019
6127
29292
13557
29198
31897
26533
21995
20110
25905
32463
15315
16348
14451
24265
8422
19168
3315
5093
12286
16281
16644
22588
31645
25618
18905
13892
26161
19345
32234
14756
24470
11793
24217
8774
7133
21490
9494
19886
10060
27120
5760
19083
31653
20818
25421
19084
31404
16483
5611
26229
29155
18214
21671
26738
2968
3142
31439
4267
20769
22092
19731
2072
8807
13588
19761
30103
18081
24450
28882
26940
31330
6513
16302
4584
7894
13804
7415
28957
28232
2465
16373
272
23016
24978
8174
256
29900
21006
22344
23495
4148
29152
16881
23727
27922
21958
23295
9862
9930
24613
7572
8437
15158
14586
27909
20493
21485
532
18491
18979
13509
7041
19545
16350
29590
3142
19102
19086
23873
25427
30094
29887
11249
9397
26956
12559
29345
5902
4939
13116
25055
1346
15653
24449
18895
18548
16075
17443
32114
11825
7135
20807
31528
3818
4190
17158
32372
10408
20610
29123
24320
4603
32743
31932
24801
22835
9196
736
23067
9171
5468
24033
20840
25155
13646
5001
31285
27589
26953
29009
12782
5802
8876
1584
25211
8390
30029
28337
28171
31777
353
10056
2064
21487
13468
22758
8074
24003
9881
21451
16009
19199
5243
11420
749
28303
16341
12213
5233
27351
13511
7872
15336
31721
15210
27782
32710
12796
30830
27398
27105
12314
258
8132
23161
17176
26100
12900
3190
25803
31258
10615
12018
32633
22512
27029
14327
1422
27266
10924
21642
12688
32141
22423
6632
597
6369
3059
23567
18292
11017
9262
19840
20985
18222
5088
19524
7517
31289
30303
45
1205
31544
3470
11870
22569
15107
8949
26125
26280
5919
32535
27272
20442
13282
27391
32374
12886
16856
28701
29792
2582
12902
19024
10352
21287
8109
16452
18296
17573
27569
22014
1845
14311
23227
3509
13270
4087
11516
10980
14008
13637
31602
11165
31348
31132
23568
27680
20507
30804
4377
10412
14784
18122
18381
20885
15927
2317
10823
26007
10781
16090
18598
18026
25112
23755
7531
15254
10848
1483
12578
6025
1919
30925
8517
13031
7253
1726
3677
12833
10590
9399
13674
18761
4408
28280
14469
29221
1631
11538
23236
18562
17980
13795
13150
202
1374
13767
7183
11481
28935
15501
24254
17165
27114
7336
26206
7068
23603
29479
30482
22571
22728
27624
12692
27036
21454
5640
26071
10279
11376
23709
30955
12716
25051
30632
25122
583
6541
26949
881
31526
23248
23333
24856
19351
9089
28734
31877
28773
14870
24257
22134
15717
24800
26189
23647
9548
20108
30306
17675
13251
4080
6424
8325
28094
14085
30225
7993
3081
31535
428
21591
17443
11973
11387
30584
4944
11725
9976
27012
16362
10759
3443
211
1272
30766
4175
24722
7170
17018
27758
24425
6435
17513
18410
16730
19807
29631
18182
18669
9015
15051
28004
25482
10619
10221
8056
29990
16480
13909
22588
1826
7378
5133
26405
24175
5643
2362
19030
15607
29029
25759
30997
21048
8300
4450
12923
7986
9528
14867
9327
20868
4346
7402
32469
22994
20692
30032
18178
16745
15598
7841
32627
806
7622
21553
30655
27540
7111
12941
22731
17492
19742
24067
16701
20162
21961
29284
1587
20949
19952
8200
27700
16199
25209
6675
27751
13302
25559
14839
23042
22411
14114
31802
31750
24409
23917
14970
28458
14472
1364
18094
25620
7538
23252
19374
3535
6733
2400
5878
21626
17675
9264
12198
8253
11390
26845
24270
20610
17088
4139
3305
13153
18130
8485
6311
4443
29059
31344
2800
8524
27027
1497
19493
30875
17177
18992
16041
19380
3618
20313
25248
4792
14491
2208
26358
26226
18289
14669
19363
10638
10998
1912
31022
20997
12935
12575
29040
26332
25452
6006
32155
1550
14079
5246
32123
1735
1040
20185
15355
3026
6025
32733
27882
6741
16462
24551
14335
2236
21095
11506
29979
23027
25953
32616
32207
22744
20977
24887
14366
2032
13019
23336
16004
14680
27922
27757
18743
25343
801
8312
15532
787
14281
14100
349
10425
17388
4782
2250
29953
9130
24819
9149
10265
16073
12705
3539
3777
28762
28566
21048
25598
12697
28718
28082
31507
27670
3275
20961
17837
14098
31413
11717
2654
1068
21797
8064
24396
32573
3484
13149
15659
9600
13945
21522
15976
22518
23499
4162
24231
27912
24164
22854
20080
1391
1327
7981
12069
10321
14531
28161
19256
27308
7479
28748
7834
9720
32312
31451
17271
520
16730
1474
5920
22066
21164
13985
11081
9647
16271
24613
22388
15172
29640
6865
32429
10274
19667
23294
23928
10764
30586
10272
29704
15543
19367
22860
24753
23158
6775
31479
16032
12311
8847
16897
23754
18439
7859
12274
24866
28861
8853
19587
11279
25174
14826
6240
4125
26493
32195
7468
12787
3470
5147
16069
9349
8187
19884
12746
5514
29422
22024
15195
7729
16688
10724
7712
3087
8521
18359
22669
13916
21993
20100
6244
13152
32134
32499
1915
552
25927
21159
21951
31869
801
7628
9337
9495
23360
28399
14032
9741
21672
8467
2959
5008
16668
21505
17449
18137
7230
16095
31995
25952
17913
4356
31440
26703
15388
21771
20906
14390
5959
2598
26816
12544
20235
26549
32707
8742
2381
32536
6501
7970
30955
12225
28444
13351
4003
8589
21027
21263
1840
14676
7619
3221
1461
15295
7888
27076
24927
4697
5238
31151
18246
26345
11830
26467
18837
2304
11051
11290
6379
20942
32402
12721
27905
31289
7561
31068
24716
5937
23063
6809
17509
12349
28525
11874
11751
9306
9067
31399
17560
20742
8550
29179
4876
12184
29225
23438
24327
23762
13625
14171
19682
16057
32606
12962
21040
15524
606
16537
15265
15764
25100
11103
18982
24771
23169
12593
11093
9344
7082
480
20752
28473
32259
12418
27745
11994
29857
28008
4009
598
24694
7249
15354
8578
10449
6877
24001
30506
15652
19269
31912
8543
25610
14152
8890
19470
31624
24425
16072
6615
3731
2647
1548
3867
25555
10413
6413
13143
27047
8411
28610
23729
9065
5988
20730
22993
31731
1867
22780
28146
8546
16071
21354
21305
19994
5182
27755
14149
8970
26481
32008
26119
30513
17141
30423
5844
16480
12770
13015
4024
31042
7631
10140
4878
10395
18685
19116
19277
28109
14546
8488
10533
13984
9353
17327
26571
578
15401
22911
11153
21901
23475
20189
28345
17545
32416
19128
12427
13618
1930
10121
6821
16251
12330
29565
4243
20114
13698
15318
23967
26470
5211
10126
29930
14439
27122
9534
30652
22156
19695
12351
30233
19355
12950
28943
7573
22949
13377
15606
19049
6095
18702
14569
11973
19545
18389
9134
1128
10200
17757
2881
31855
17862
8911
29047
24938
5693
24682
9185
8117
5376
2169
19187
10246
29115
18050
29797
24642
3468
32449
7386
5781
29121
31188
31936
10945
9188
30904
7287
25014
31477
17652
29621
5988
23030
4372
6185
17101
29613
15705
16222
94
31653
21679
6115
5759
26742
21983
15785
10345
11078
7430
19884
2871
144
326
23765
28992
15908
31419
22047
24485
17007
25777
1018
8742
26877
12308
18669
12602
10300
6695
19326
15966
15491
15225
6486
23213
1106
790
1441
27569
29148
29178
18100
25209
13762
10955
5874
26859
1826
10695
23792
31068
11472
14587
7895
5214
11235
29877
17674
2265
16244
29757
28681
606
32162
27328
26006
20919
19929
21645
22806
9155
5205
1156
4921
6785
14049
9674
15581
31850
24293
1474
20784
28164
7327
14905
31509
27060
20401
30689
25034
27091
30940
11521
10439
30981
22795
13418
9961
7366
403
13485
6351
20038
14777
32651
21125
30071
23925
1453
13407
6756
6517
12950
26408
16580
10341
17621
9084
8655
30062
30335
2163
14416
18428
2524
17792
21244
23749
3681
7064
8450
4103
29150
31126
27875
32016
12793
14302
31108
14084
16859
14144
13698
32475
30761
26400
14533
6825
6454
30420
16472
12834
20855
13902
7287
21597
13367
27131
17642
2776
4747
5610
1938
7613
16009
1073
1346
28003
3765
2701
28880
1304
13756
21320
17515
19230
16997
11616
24878
29171
23492
10213
19702
3797
3505
31907
625
31110
14712
3585
1912
22861
32466
31785
15775
829
12564
5481
8458
3513
11431
9689
27010
15672
8376
27199
16839
11846
8496
10799
2344
24780
5351
15735
21330
2192
21524
186
6758
18175
2825
32090
22350
12843
13597
18587
29776
19728
17385
24070
19939
21787
18103
30988
13762
2285
9783
12780
11328
19548
18548
25047
17371
19898
12551
4689
25363
4186
29066
31706
22653
81
32336
22478
29971
29562
15187
2442
8398
15293
21870
25296
7543
11920
15309
1901
27578
17853
19873
13336
1660
15718
4120
27806
26734
21319
140
21820
4066
2876
22267
15180
29918
7427
19639
4389
9583
28482
15198
24892
31808
17356
10253
31887
9579
31008
3793
26691
25999
1331
606
20107
22307
3439
29700
30413
4618
16379
14302
2304
29031
21053
6477
8281
27570
18589
5028
28966
12556
27532
805
1530
975
3525
25133
22538
32618
2003
26283
18135
16748
3284
5078
13069
10462
15484
5152
16555
8150
5725
28517
1125
9033
12901
29033
8263
32033
25256
21633
5018
25743
8799
1168
16907
30883
30257
3637
30218
18714
8626
3651
25201
24951
22058
13682
26470
2645
16023
13396
7810
13563
3317
9098
29235
17713
27836
15415
17502
11602
32427
29877
26697
4259
16836
21895
29625
24547
3480
6799
11095
9251
452
29825
3672
27608
3772
32408
17757
3631
31687
15496
30872
14496
3659
13491
20785
31430
13899
31391
10728
17518
25646
15784
13051
2542
27586
12274
3402
696
6272
22946
8377
13870
22290
11342
12758
19128
6162
27313
31420
19220
20501
14500
19255
21998
14568
26442
29736
27569
14361
20874
555
20124
3769
23746
2936
10520
13921
29113
5383
28233
3955
470
21240
10467
17570
27792
18481
11327
1973
22822
2377
23470
2951
22672
9893
31757
24403
25525
480
17305
3886
2526
4720
7173
11733
25451
23943
19146
11177
7365
9528
29631
7928
11667
4827
10729
24958
4145
24754
660
10028
3421
18125
24226
29224
28724
12074
24100
2068
13918
29985
12839
19603
4229
13311
16592
9481
18187
26866
20396
18851
22268
27685
10305
10136
23361
1323
27369
14510
5655
7841
992
29695
11968
23823
30363
15357
30584
7440
29531
28084
20395
7347
27395
30031
30309
21536
5414
3038
24842
16767
7269
598
27207
11285
25848
15833
27976
8880
8586
18744
8492
14662
10826
8119
18614
18905
19007
5392
2629
15517
30427
32442
1030
7005
9684
618
28776
29723
13615
11739
28368
20215
6558
15307
17551
15186
18187
10822
10769
14386
1909
1574
30806
31720
13307
4059
19110
24305
1078
7528
26753
28187
26572
23982
3030
26600
7746
24813
22389
10551
274
2696
4549
19745
13310
20488
30650
1058
12195
26980
15362
26233
23121
22144
1663
17873
8986
24051
2042
16928
21289
26893
30230
9680
2390
24857
898
19741
5111
29151
10355
7358
7416
21869
20306
19399
23598
3351
14769
1230
17384
11197
12676
8780
23495
5452
23182
2631
15824
22407
14361
27950
27072
8
15082
27653
25247
4993
27508
27073
19096
2632
1100
3062
28936
30227
4317
11951
1749
13568
25693
20381
27905
21976
32000
13429
20863
4500
10091
20627
3653
32288
30315
11747
32418
24160
25319
23809
16082
13169
10259
12447
2512
29489
12263
18472
10603
2049
9168
11682
11420
32201
30117
2777
22551
61
29916
14778
1312
3679
17406
13309
25248
1861
16984
9735
19576
29725
15860
10510
11541
13166
455
26750
7492
27041
5164
13979
13896
23231
14737
21608
18987
4476
3952
28872
30289
30581
21378
8932
17491
17078
11055
25548
19722
23679
32584
19297
4585
9544
16376
5234
144
14850
9464
11301
21663
7840
15875
20633
19400
29142
26506
713
24617
3616
30632
20404
31960
15367
14168
13499
24767
22944
31718
9034
9130
6997
29859
26554
4510
18919
221
30582
20589
8628
8718
27229
903
14134
24148
9064
25107
1229
10017
27789
29502
1470
6196
2531
25811
635
8904
2054
12301
29221
30987
18877
169
5455
19921
6362
4670
11781
15498
15970
30673
30988
28017
26094
420
19564
18951
20561
13648
32556
21952
6523
3091
32349
32508
5534
27499
13146
31800
2447
3044
8013
2438
17006
16942
20469
6714
20617
24178
4519
21223
27006
5606
659
24458
13728
10912
27465
31236
3228
17832
124
13518
25949
14160
29189
24040
32044
4552
27434
3602
31260
20973
26657
14399
3237
2658
1232
19783
21647
17634
10455
18396
3345
3540
13520
13503
17467
24096
5333
2867
8593
22338
23619
27059
32761
1437
20158
2784
24279
7441
31350
1725
28278
25551
18344
13342
15274
16236
8551
15966
16051
6197
7068
17233
20837
1731
14924
3449
20614
32719
15897
15997
27768
29255
6668
32214
27927
2976
30353
32716
27877
5743
26051
30881
20325
10035
11498
20492
30404
2933
18242
10473
31934
12052
1535
4398
29376
27610
29069
28193
27978
30546
20508
30920
24216
25310
30044
24225
1153
25092
16261
23188
28063
19209
26011
23078
22960
1473
31472
751
31036
23717
19434
11342
20601
25638
30726
8539
16747
27713
27933
16157
335
12372
10215
17150
32058
14640
23997
23931
29182
9583
29603
23840
15181
19464
26245
1460
7713
27936
2241
26545
4698
25891
14566
19447
20393
5652
30139
1984
8622
31521
29572
19671
18269
6779
5760
18949
24998
18788
30390
12236
13653
30346
20722
27992
17463
28307
2314
14771
382
20217
8549
15672
9574
6936
19390
28490
25625
10117
30502
31814
3024
20386
32584
18357
20028
10607
24817
24263
14628
11171
6096
28413
8783
31228
2426
5413
2724
19411
8624
6283
15504
8435
997
26222
10664
14507
30203
25009
19344
32546
26702
23251
3099
25835
16115
17441
30899
21721
16450
30250
17660
15381
19601
6260
24756
22637
17219
621
9438
16623
14594
10404
23583
23735
25416
27193
10856
15365
23844
21139
6101
1939
10555
9040
17109
31269
5389
14978
32140
6241
24953
10520
23157
6881
21635
3482
27724
16007
6230
1818
15659
28432
2949
21607
16627
32748
26262
29571
18157
26445
23233
21847
11953
12159
3573
31142
25671
4727
6172
1856
26509
29614
26016
13432
25304
11312
9006
5079
5342
23791
5818
6418
4564
15198
2499
27194
8147
3131
10456
20787
12928
16556
31835
24935
18924
27022
24197
9659
14521
29962
4778
27331
5503
27241
25022
31025
23405
6185
24601
21652
32308
26704
16503
21055
29984
20224
22595
7302
392
1868
14613
30257
13417
4682
889
21034
30542
11369
22258
4985
7283
11525
830
2418
14889
1081
24284
31789
21884
19189
26316
23863
8212
6480
2966
28807
19801
5919
20365
436
17115
31430
6741
31077
10224
27214
26019
26376
6303
29368
10052
21191
32700
2449
7265
27575
23637
19655
23041
26195
30285
29883
18127
7978
17991
11415
25118
21972
5317
17634
31786
5162
5265
29778
17312
5559
31837
6881
19553
17257
25510
15138
29571
6028
26334
7638
17561
32249
22217
21435
17461
1163
30504
2468
17323
28627
4245
25294
8727
2061
22958
19826
7841
12882
31605
1431
8191
10767
13559
14890
5436
28341
25132
2128
21432
14770
27167
16635
5745
4257
22606
11452
640
18365
9556
16856
21735
2204
29381
157
7561
12570
15962
27126
11130
7827
20558
17470
3705
14677
26887
8786
20923
21588
29177
24810
21483
13600
13768
3625
24686
22549
25516
28530
28139
17617
25114
6526
9739
1772
13473
20139
6781
7907
30994
6039
19262
32596
16355
18926
25111
27249
17365
29056
18279
17327
17621
20375
29730
10686
2592
25735
9498
27838
20395
14214
21373
13488
8898
20670
5791
27690
29167
6561
21242
17231
21533
6013
23156
24319
19197
13392
25056
2123
1193
2525
28614
28716
24712
25343
10343
23412
15217
26430
6908
19204
18195
9376
29759
29760
28820
27585
14892
7616
6776
12838
29961
13384
11717
28367
27044
11259
18020
9483
18652
459
32459
4497
30818
28980
7897
11723
22721
12842
12801
32117
11420
21328
18603
23143
1335
1130
26839
12975
22586
25877
29188
27875
8881
11190
30800
26294
15702
14512
23264
16840
17939
27098
6530
29379
17091
16944
11665
18083
24889
14792
27162
21077
30851
18952
10044
132
12143
2583
15573
12720
27727
28561
4187
8832
29178
1919
14855
3161
19987
15238
1337
13359
31886
30558
20504
23451
25711
17030
3704
18478
4565
8758
29698
21766
20792
22422
2446
17054
4079
20013
12756
14570
9717
20124
24900
12196
27884
18828
3378
12513
18530
20197
5686
10727
852
1344
12755
15938
9968
13728
5974
20757
11935
16220
29697
14511
15683
2144
27241
20574
14269
15766
8477
23688
26803
30622
9352
29943
4496
6085
8217
26997
3276
28981
12961
21657
25965
4713
25084
20704
1998
17124
29171
1023
28575
2339
8801
29816
30509
19664
6293
23916
11235
26936
30712
29872
19473
17407
28143
22307
20973
15378
13571
3902
12248
1246
21312
27116
8674
16832
6106
3484
14479
30140
7191
1941
220
7025
19304
17290
28029
31052
14041
8559
25961
1533
14252
7563
7064
28967
9537
16077
5131
9308
8762
16227
31246
20552
17628
9097
11194
23084
7863
12959
7869
15759
26505
1663
606
13872
20320
9485
17083
17982
15359
22544
20821
27851
30083
14144
22223
8319
1606
6303
12787
25225
20996
23309
26614
32219
10300
16151
27133
18071
21977
16913
21471
28100
31250
12132
2093
15686
8847
23592
19824
20493
29389
16630
20657
6796
23235
26103
12607
22381
8390
21825
31148
11395
17066
1892
10777
7168
29226
32319
14259
5608
12425
537
9598
15813
19834
13549
6738
14493
19774
28676
6179
5921
31244
8137
14469
12327
9397
4570
4718
32602
22664
26971
11582
23600
1651
11663
9470
7453
27500
9897
25573
31495
13839
31967
5409
18681
12169
19905
13524
21531
27572
11209
24924
32738
17539
15411
20951
29316
9377
26382
5606
26031
25941
19860
690
28538
17321
31415
28973
22428
12491
508
12699
19675
435
140
22608
3784
16902
13449
18363
24490
11835
7838
7075
21176
6396
25050
22961
19083
16335
21950
2863
15314
21237
32404
9231
2120
13458
24579
23343
1507
13071
24033
22491
1614
17085
8008
22676
29338
31419
10220
14095
20273
22809
7083
28033
15371
4669
24678
282
17700
28550
4624
30159
5933
304
32004
12125
27777
10104
4764
25483
18012
14080
3071
431
17991
15476
12090
13171
15319
9070
27283
23257
14999
17559
14873
12669
19523
7952
2944
27931
4919
16656
5164
3408
28966
9166
19852
13989
1551
32417
2985
16073
7021
21861
25087
19998
20399
17954
19083
14967
5607
23016
17189
32545
24006
23805
21776
30240
30664
571
15056
14010
2476
21939
6203
15674
10023
17046
30931
16366
25305
12374
2131
21874
27520
31496
14728
20528
2412
19213
20322
29480
4147
4081
31819
25581
6309
8851
2999
32240
5890
21126
18941
27393
8555
25272
7781
9491
31383
14673
2946
17728
13511
18142
2498
17421
252
26799
28739
3822
32359
19069
24552
5901
7713
2897
25773
15687
28444
10656
16695
16247
26202
31419
6320
2808
30556
12647
27345
6245
4318
14279
5696
13475
20929
24707
21789
23330
2633
13091
26583
1375
23944
22460
25157
5038
5914
26063
20210
13110
2323
6766
7352
25917
1590
14752
2704
2982
19560
7943
1448
7863
29540
16832
11702
28704
13231
12171
29581
7993
6607
17196
1517
8844
31160
6673
160
2707
13959
3380
4546
25027
12914
12611
2401
19913
31487
8703
1862
22035
1397
7394
15121
29586
3984
12036
27276
19902
30841
31295
12857
18651
9717
21905
13357
18811
18909
19651
10529
20805
7118
17224
1991
22772
23329
15976
13914
2979
11550
6814
31353
18247
11116
12350
6965
1661
14028
11098
26985
6022
25096
6887
8778
17551
2341
31516
24638
20790
26848
16155
3570
29003
19033
7635
4006
7379
5897
9765
5836
25939
26873
24133
21458
12363
27446
29284
31292
31488
7808
13964
19189
2942
22082
32715
6375
13022
455
6291
31689
1221
5546
21601
9528
10285
10638
1693
3082
9576
7696
24769
25055
21857
24314
31678
1784
22054
5561
4252
28749
10403
24594
9312
13273
23472
24336
11058
12089
26703
12865
26303
31861
9006
13090
989
10526
26484
1239
15213
25497
24250
19487
31366
4794
2646
9096
21968
2965
29152
8159
19501
22928
6895
30955
7327
19645
11812
10843
13158
16999
28010
8444
29288
23531
24443
18479
22742
6089
21671
2971
19981
251
10449
8479
5050
26758
26298
12042
9026
23886
12418
8847
31329
22062
4459
19059
6929
16968
7393
2569
17069
29594
32439
14432
7254
6099
24756
32699
29334
13156
18766
20801
9283
21209
22453
16630
24742
26218
275
24042
28381
31693
13074
23217
1150
19023
32672
6674
28541
17699
13807
29699
5968
10234
3263
18134
6480
12756
16863
10413
1123
533
21233
19763
30680
19419
13167
29582
10642
21391
9195
28815
5993
27322
3739
10540
26573
24090
3348
4401
15788
2550
31574
562
918
2222
15369
32452
29216
12182
4614
13805
21894
19972
13081
23256
22164
25256
30725
9421
19142
15132
19913
2913
20398
12732
19490
4842
13718
32184
5457
15670
32103
18792
25374
29309
28105
735
25885
30355
908
6850
21552
15970
16711
9563
24397
14744
8766
4585
21890
25757
13449
27706
12598
14024
7795
23676
26801
16594
4897
22865
10207
3979
31348
16417
22352
9931
20527
18356
5252
10412
32349
256
32614
31990
14061
23103
278
3291
4256
22597
28651
26341
27429
31249
13497
24364
24194
31394
21839
32716
14773
25868
2116
23958
21659
11978
13812
9478
14610
19542
2757
29557
26458
29687
32431
20624
14786
730
30203
23561
11136
14437
24394
909
1760
15304
29402
21749
16033
8149
30469
16576
30363
22801
11786
24769
32678
23051
20752
5909
19128
18924
15464
6488
5965
2384
12563
15384
24844
31060
20356
4746
20647
14576
12198
13948
13315
19592
14881
19595
16793
25533
9946
6294
11036
12681
17592
13939
17243
2699
28334
19168
15210
15775
20982
16572
15100
23218
27034
26231
22548
23509
21305
32711
12765
25743
24840
8092
13013
2936
3351
24151
15921
25091
12758
16438
19582
11932
11223
24595
15236
3315
18645
12879
21871
26775
10230
29705
21297
1478
28493
6803
24098
3204
31395
22310
21737
18922
26487
724
22432
7105
8771
1727
24371
14927
22785
5257
25609
21617
30446
17163
22503
12778
3470
25418
30481
20475
20208
8614
13490
11316
32051
18261
18045
12681
29513
12304
5013
31656
11003
18444
2730
25738
25645
9772
9061
4168
20836
5749
3847
27441
28037
10434
23629
19993
24288
6073
4758
15603
2924
7165
2119
29603
16980
32677
30831
13581
7859
1518
7079
4210
1948
31532
18493
4348
29022
263
23953
2967
17414
27363
32446
32515
2853
16032
24701
14887
21203
11652
11847
15529
22003
6517
19130
1467
25017
31340
28478
17720
4714
14374
28392
8943
19811
19485
8351
4159
7261
16310
13437
22500
19951
23228
30839
24592
32596
5645
20545
21181
29551
9875
25708
8258
23308
13430
19666
4133
29289
4752
14899
21553
6133
2594
25376
20936
16471
3781
14360
5498
27570
28323
8946
9430
40
21222
21882
8831
11677
9329
27487
30851
16061
10446
25421
31977
31552
27496
13142
17545
32620
18171
31894
6177
11484
9032
8727
16292
6273
15117
18162
6101
6630
32308
30647
9749
24504
25675
783
7801
11653
17204
17824
4128
9924
32286
27953
11204
19222
8372
30479
22670
1995
14995
28079
2863
680
3842
10644
4908
487
27869
6515
21113
5504
17107
21910
4938
26023
17362
638
28710
19094
12222
18124
573
4492
5225
22626
18939
4886
6848
25797
1501
32397
13378
22725
27524
32480
15543
19297
30472
7315
25630
4069
17550
264
29927
13141
10269
32510
19042
26894
30637
1111
2936
10923
15233
22814
32153
3878
14519
20424
1013
7487
2590
19130
7919
7458
15175
15116
32718
11588
6623
31885
1206
7822
12603
13063
12504
23485
9269
3268
29925
24585
22839
3664
23496
260
11413
19329
28564
4038
7456
12725
27323
5447
9976
18267
2434
11788
16545
1205
4017
18694
11865
10715
22159
19895
8105
13828
30477
28054
19259
25601
25666
9397
31979
20490
2583
11681
18976
10941
17476
27785
24669
7524
16763
5539
8723
17271
9954
4812
1466
23906
1991
27759
27423
8327
1424
14759
23296
18567
11248
23464
25814
19901
23905
2139
3826
25868
25550
26696
3275
11483
31119
19385
12183
11101
24219
15132
17688
534
19961
26282
22713
31387
26488
14662
2777
20633
24992
4776
29287
23832
6120
27834
15535
1793
18730
28738
32627
7390
6739
15554
28990
31714
12639
26524
31733
10281
31877
30330
23983
14912
31150
22765
19398
17896
4652
9557
19503
7703
24233
7424
14598
6720
26461
15254
8813
16596
13445
21940
663
31497
17168
2775
30752
13786
12699
3708
31392
5199
14751
3205
15743
5886
18665
11487
13579
23762
20299
31330
29127
24843
5266
12536
17926
23174
10935
14082
27065
8255
20570
17911
4230
14100
22379
1614
9754
27852
25643
8863
9407
9303
6227
5637
14897
14167
32402
14790
11949
4320
19005
22070
16972
25980
16195
15064
29839
11379
22111
8647
27195
15945
29073
25172
25959
15495
13518
14065
979
9919
22263
6734
14203
16586
32520
32705
11628
11860
402
27371
5847
26523
4715
10905
2148
27507
16035
15080
25544
21134
17083
4781
32666
10234
4370
24595
354
10987
7328
30854
7668
23995
15334
32720
13308
1583
14373
2690
29913
764
23759
16278
4015
6793
6971
15698
4791
9975
5788
17776
30426
17247
11316
29819
2431
24154
19397
2172
10401
21959
13385
31446
1316
32712
26850
29039
24425
17678
29204
19216
29216
12375
16178
19215
32605
5940
15382
10283
13294
16400
28437
695
21741
10606
13107
1531
27537
22130
25234
14551
25417
17571
1329
16809
19980
28399
22483
8561
17130
496
16188
10803
2792
9581
31651
13469
4106
32548
12389
22762
17073
21190
5111
12038
26919
25412
23582
23027
3449
31049
14946
25195
32133
13063
31936
9415
4435
311
9887
22047
11177
30043
5637
25779
10457
17735
2315
14217
12254
10207
6030
4440
6567
28450
29992
6821
25267
872
3934
22316
23262
9191
23579
2689
1915
4220
27742
20471
27554
169
5935
27073
10955
3034
20695
2903
14748
26348
592
8988
4352
6895
29947
26429
6009
6443
9873
10716
13495
20578
6492
14446
17257
10069
29863
19041
21843
137
2419
17154
32161
11083
3947
19103
5499
26098
11802
744
11993
21860
9820
23195
10649
5596
12306
17505
7887
18666
24602
21747
5724
17595
10879
3200
15042
18586
21740
20307
32566
23223
28007
20913
27639
13095
6459
31488
1247
22573
20534
1071
32311
20408
22549
21841
13264
2604
5181
26251
5711
27237
32172
10289
713
3834
22318
13868
14480
16574
29140
23199
24908
10893
5538
9162
24397
15941
25224
4398
22047
27410
15764
7153
8543
2287
7781
7813
11726
7529
20707
24453
26788
23974
32557
17375
14631
4519
6099
27704
14459
15562
25670
16780
7100
12179
25484
13589
1098
26283
15672
14191
10852
23337
24730
11001
5625
10257
9267
21886
22970
10522
31083
5397
1140
30389
2183
23621
15517
25418
18645
14701
14893
24005
26921
28003
4783
23889
7309
21852
2967
14947
7989
11276
26326
6395
1969
26126
23980
18471
14438
11653
15805
15048
1343
16644
23656
32152
24992
14763
21588
20076
10908
31891
16715
14519
24935
23405
28236
23376
27150
10341
10715
15221
8805
16717
13468
18703
25921
22007
32288
30775
19944
28130
9215
5114
20422
28953
26407
11865
30306
14425
2931
20884
24976
26738
21888
22185
20967
7407
6844
1303
22901
9721
6079
24551
1202
23929
223
17389
4019
22397
254
15180
31648
29149
6823
10808
6248
1822
8026
14592
22195
18582
12579
8011
30233
977
625
13473
25489
22324
18470
27182
23596
6624
4587
4547
10243
31450
31942
5662
365
7016
29678
2155
31862
10430
29662
9995
653
14553
936
16787
13949
28332
22668
7704
21663
10618
22473
17322
25421
17283
27315
19998
18329
9186
22790
12049
4671
10166
7546
41
6361
9856
26775
19102
12114
5580
17867
26617
5533
4116
5818
24604
28071
17121
22741
26755
19850
2099
26926
26825
16899
12067
14986
10350
21798
14279
12728
2519
27984
1622
7202
30358
6238
20876
29858
24812
5916
20560
27287
32396
15616
27285
24375
8354
30745
29054
19751
19732
5442
8901
20041
32008
5275
31581
13269
9382
8762
7510
25771
26655
1821
19714
30183
8686
9827
18774
12726
7774
23228
914
105
12364
18463
31269
26568
814
30139
15050
5289
20052
17455
20472
8897
19822
5117
7545
5817
8783
12348
28760
16004
1008
20878
17921
27633
24248
19794
3748
15740
18938
17691
28378
26986
30400
27232
17547
16149
31687
10869
29455
21124
8906
22201
14995
1598
6915
7442
7871
26464
13552
25750
8342
4078
2899
25227
20381
871
15740
31634
30271
14748
7882
17695
25968
19393
32624
15148
9105
30661
29301
32303
659
28127
13567
11593
24928
7274
6864
12480
7286
28146
9233
2223
29141
11663
8270
29692
23580
1393
707
907
10479
19389
19414
28081
20123
4504
11236
13804
17661
10368
17216
31953
26016
4579
9081
3141
5925
3306
30172
29680
18408
13974
27450
18927
31712
28687
22764
25545
29127
32569
10003
7077
9083
7559
29732
30138
9637
26900
4517
14854
10904
27632
15921
22083
11388
11703
16578
7191
683
873
18736
12171
26203
4469
14836
14782
10878
13335
16178
13275
10982
16868
22263
24136
13997
23716
11967
14368
31188
17503
31290
2788
10794
24763
10063
24173
31599
29829
4962
26917
7866
12173
9682
20599
20760
4791
29638
19844
15734
23119
20778
2584
13761
25245
29428
18908
1867
15033
1708
13261
28273
22945
25387
20460
28027
10633
13987
3383
2755
23922
21983
25561
14874
17662
4300
26526
30055
4739
12345
24233
18577
18270
219
12393
21663
14986
3988
16585
3614
28017
31476
2983
15043
8961
32257
5256
29266
27907
6195
32394
9918
9128
30403
24730
30610
31589
806
10726
21647
11521
15060
10901
13207
25581
13389
5302
24010
26323
30046
2423
6126
11889
32416
1688
10772
24232
12355
18463
2680
21968
27657
29260
12202
17999
6293
6095
19947
3690
27110
28729
986
16987
4895
21169
14928
7331
17801
18664
15240
18593
8410
20047
17795
15204
30904
3975
7082
3774
4985
15896
23478
4761
17965
19559
6605
2190
4574
9698
2029
15796
9750
14206
11406
30390
27810
23651
27779
25129
662
741
27682
1308
17041
7607
2980
22000
17474
13659
719
31082
29995
11741
24530
22022
11941
5313
28016
29070
27941
2874
17504
19692
3261
8349
3060
12861
12006
12564
11770
10534
11644
7319
480
1387
16138
27160
13083
17341
12360
11006
26312
10452
22242
13013
25748
22206
8571
30532
18138
19575
26866
11327
30220
953
26340
28797
29524
8469
30066
7725
13947
27203
31812
5093
8969
30391
11981
2523
22702
20084
32721
18263
25312
27429
28197
19560
3014
20330
3767
17367
22101
10352
30670
20825
25529
11716
29074
4104
18422
13161
4046
21780
4559
8744
6389
2742
2535
18983
24163
14182
27942
17341
27110
1358
9822
21125
9341
24062
19246
32433
23135
28257
24615
22689
16447
9968
10286
6837
24015
3109
801
7519
387
27443
8126
20860
8599
18164
1216
13540
20051
4387
13642
30015
6542
971
29833
13595
6001
12031
27798
10044
23677
3788
15513
29747
7375
15724
12852
7731
20643
5564
12831
22303
536
23025
5135
31975
10291
12934
30173
12309
13093
6520
18916
14499
11729
1462
9387
11536
6281
27347
3524
4019
24856
24831
22515
22094
7174
2357
17555
4070
25367
438
30262
7378
32021
32437
30348
11539
13007
23380
21382
30947
30050
14031
6074
26512
14775
29175
8714
6283
11597
8419
8320
700
10297
17634
12925
7705
107
25267
30227
19319
8754
18681
1199
28320
4611
6889
8955
28325
15222
29510
10242
4214
12689
13199
24470
24495
17481
21367
27630
6581
3910
17557
27284
20226
26087
15965
24703
11965
16518
1615
12667
12430
3837
2158
9938
4272
5224
21492
18725
21064
12333
20548
4507
15349
14394
15904
13886
680
18574
22812
5537
5814
11259
11602
1478
18219
16938
30040
2624
12130
1759
5231
13717
8914
7806
253
14822
2859
3023
13118
27858
27810
29438
27702
17047
1160
3558
26858
1146
13858
13710
21967
18026
14773
9460
5763
24544
16864
22794
13755
27657
2862
12799
4477
5415
2540
14783
6031
12085
10808
13245
9775
26057
22107
23024
25860
319
14169
27419
10837
1812
25542
28242
16505
14736
28890
20410
8078
15016
6600
14992
28526
22050
29004
21613
26079
14074
20867
15816
21770
3077
32256
31676
32303
24532
11292
12043
31894
10203
25997
15460
23753
20178
31035
18913
13312
15964
28239
13780
19421
11239
11660
27331
13913
11475
21730
13489
24063
21974
26944
31647
26200
27039
23211
1875
28838
23225
3725
12376
6356
9395
25679
8774
16046
16510
26665
4932
28494
14358
10297
5322
726
7524
24531
25004
16997
26724
27929
19796
10819
131
17611
14414
7263
30027
22624
11787
5884
10817
8789
4062
17319
31246
19653
29003
29292
5342
9786
2433
21833
7686
22723
24101
4067
19689
5958
2897
28536
5404
13592
19677
24341
6600
23499
11485
27657
28752
21319
31594
28313
30260
4124
29606
10997
15926
31767
12794
32363
22715
11540
24482
27867
31603
32274
14188
8811
19516
16013
18364
15739
21316
27656
5588
29916
22638
10729
1618
28220
12280
27529
12026
22757
14938
1164
30134
8360
7025
4974
8411
19731
27868
31327
15534
24811
28583
23121
31271
19926
294
17487
27381
20567
22308
5392
16065
18431
18238
11980
26039
24546
7561
1358
15427
6985
18043
12363
9240
6822
20488
30706
11895
11469
1547
4036
15278
96
11752
29606
13279
2443
9583
6964
15618
28658
26884
30553
4653
6376
17661
28188
24595
8674
13900
18621
19148
24363
15966
18433
212
13017
11843
21194
32597
20479
11534
29418
27561
15908
32127
5177
9754
12532
18143
14822
31213
2102
25900
7690
3744
3070
1142
28547
32367
14628
2953
8703
13853
12788
6604
1111
496
10023
7273
4383
27646
19731
16046
11643
20391
12574
14772
18995
18019
888
18238
6922
20926
10506
15331
22604
26272
10665
3184
16039
15826
20112
17032
16699
3518
1293
9357
8692
4470
22906
5316
25624
248
7791
27571
19740
24241
5174
20942
26556
15935
9343
23635
15691
26747
1621
29043
14663
183
24145
14258
27440
3908
12046
5264
6810
5432
11740
32361
24962
3437
20409
9626
16606
32461
8829
14565
25463
973
18004
18711
763
27448
7025
4071
9038
22062
30721
7714
6178
30572
31326
13573
2247
22478
19334
20202
26180
17425
26059
6952
1958
18398
13260
28980
24728
23044
7075
32524
1588
7686
19040
14037
30233
24277
21431
16322
21438
9950
31221
28217
4102
6471
12856
1841
12052
28790
14560
21215
8288
17876
19009
17041
23818
1744
21402
11738
16495
15142
12363
27375
20219
97
18242
18001
24382
24222
7351
7596
22849
23188
11289
8703
26
26833
7752
1278
31166
9798
12292
5557
2327
31238
23718
4205
11862
1099
8461
9683
8587
32442
27356
32087
23410
29160
2019
14035
8336
25628
10714
12141
17023
25943
21077
3518
2951
7313
15092
22836
2158
14918
3546
8372
9360
29745
609
29828
19506
28248
12812
14185
2323
13640
14782
2828
19780
11682
31529
23458
24634
7382
4744
20172
8738
12079
21649
6588
6516
7952
26789
666
32459
24957
21323
4390
15092
31708
1244
12958
2884
26365
16512
21730
16431
9049
28504
15574
18967
25239
13309
7176
2146
27221
21034
10643
3791
5156
16053
16963
21770
3796
27588
21497
1150
17651
9533
6225
22634
3216
4478
25219
17463
1092
10831
1159
21513
16756
16916
3965
31636
13264
26952
29515
18225
25119
18470
16776
9008
25663
16553
6041
11632
15975
27831
29721
17710
432
19609
31615
19739
21972
14767
28666
21425
20533
29026
24736
5574
15393
19545
21448
3938
14420
30192
28852
3790
19902
14310
27764
32237
25479
11861
15878
21967
13393
30696
24002
28804
10429
13896
5110
11566
15152
29399
6861
6746
18647
15265
6005
6801
29672
3216
11904
14121
31531
22751
14219
5473
10938
18640
21534
16814
18949
32674
28116
17743
11032
32189
24508
14887
16161
29489
20222
20684
21548
5726
30402
31964
24626
21236
27469
15248
32082
25887
6253
10387
31582
13563
32536
21780
10905
1614
30288
5402
17343
20598
29513
14103
4422
21152
7374
22977
15844
14395
11745
21533
27729
25005
27554
25564
31822
9540
12914
5611
8422
7279
24151
7494
11252
20782
4770
3085
13029
24519
9424
8921
28863
24763
11951
10832
2402
12024
3010
2807
4623
24144
17893
5960
806
30250
13620
15365
30516
17527
22314
2763
23340
23784
8454
21226
29685
6238
20851
15476
23845
10403
1383
6548
25869
5207
5196
25121
27125
12077
30558
3443
7336
25175
16468
15990
19508
22846
25410
30204
7915
26231
22462
16216
23725
13554
21826
2856
11882
6517
11985
11378
30434
6217
4573
11251
10415
29492
11369
26035
15750
21415
32363
9437
12986
25911
23156
12750
12033
29777
22930
1644
13691
25898
18038
7353
2544
5878
17362
2984
10842
1882
12805
26159
419
18979
6138
4253
14255
10552
4941
46
17053
205
5040
6364
7498
11226
25998
7545
18199
5324
20462
26107
28909
15994
18841
20503
31614
22874
2431
7697
10957
14581
30295
14290
13040
15768
14726
571
532
1613
31042
16569
27587
32521
32247
13593
6498
7975
18153
29086
25598
27669
21020
4433
31560
5198
7025
19097
32221
13960
5905
4107
26315
10542
11022
13187
29777
22032
27720
16244
27623
32346
8846
31356
24446
31426
22534
18748
22537
19462
30671
25190
2364
3990
16356
2327
29332
11405
2628
16744
4503
19686
12624
13120
2397
30445
4980
12140
25423
23283
31241
2801
19759
10566
26490
17568
30809
1121
4262
10476
32328
25439
1414
26617
28251
30902
19728
20981
26841
28961
30811
11691
27444
7902
28931
23893
12682
25882
1743
17842
20849
30634
145
11097
29172
17147
13390
31309
17625
4172
27295
11217
9510
14874
4439
15998
32483
1244
358
29842
25632
28657
23550
19595
29498
4823
17140
26613
29275
23197
28776
21632
17472
15259
29096
27477
6719
11104
2386
15018
1928
30444
31929
11668
22955
18720
20618
26141
23130
30066
14512
32151
24176
23269
16244
7984
17971
29497
26601
12486
21206
25182
20359
32252
30019
6703
4886
6541
31255
26205
31438
26848
14061
29865
12732
3549
7391
11607
3175
8960
21578
28639
8884
32171
17874
2021
16647
27329
13478
28267
29867
6512
19973
11078
14196
10318
20994
27342
32418
2216
14724
7130
12553
11286
32144
10732
18543
12371
25547
10152
8758
32076
29754
32139
17211
2423
31821
28889
4861
14438
17180
5847
20994
1948
21232
2107
20342
32159
31749
26849
8726
3919
29838
6079
26700
28533
14842
6939
21403
31903
6006
7419
830
16684
30131
3038
29196
14755
22505
13225
31647
21833
10780
25316
15541
25842
17566
28710
21206
27671
18645
13262
16184
2089
15166
18932
28895
25125
32434
12448
14856
24169
5352
5689
13512
32454
18492
27712
23281
10966
8878
4670
21813
21135
22062
11514
17806
7961
31255
32240
4317
9693
16889
20223
27601
20959
4507
18018
12042
30541
4672
14049
13950
17752
11562
16456
20508
2626
3933
21529
32176
32184
6821
29310
3591
1379
26586
13185
20819
10170
15971
28799
27856
8474
9465
8666
4520
20248
28589
17647
6933
26134
28461
24136
22469
9492
9539
27666
642
31689
8862
23761
11794
22258
29141
24146
10332
1771
13225
6369
6349
29820
20619
10941
24058
6133
25438
30665
28295
26237
16765
8580
16711
10663
17408
15163
164
30022
13883
3710
3394
12163
3464
976
5087
24364
20039
930
14974
13391
16930
25475
10436
32520
25494
13201
28578
2199
8878
51
5172
693
26386
23562
16873
297
29505
17956
26597
12694
3355
16499
17827
17815
4002
10878
10975
17165
18945
13399
28339
11960
20430
32205
25088
17669
7820
13794
16655
13607
15476
20096
26744
4713
13429
6247
20803
28611
4985
23402
6222
22955
19178
16091
5358
8749
7284
5700
17113
13118
29453
26199
836
23374
19763
13864
31048
18460
7285
154
1418
9166
15925
23063
9499
2113
29100
7813
14237
15518
28463
15221
28840
28974
1200
27293
30828
28015
23431
28808
32663
25703
19315
13196
19065
25400
24283
16125
30565
3573
27738
1696
1115
7860
27003
32354
22501
23268
23233
23114
20799
29409
1259
2733
9146
32710
17269
18593
354
4995
10338
18099
22751
3887
18745
23005
10905
13215
23886
11954
14624
8247
4418
24284
6346
13312
13261
31432
25246
1275
8123
23456
3696
25013
1845
20858
14414
4380
1090
463
21787
17553
4750
2606
6778
28734
22121
15153
7662
32170
21778
32689
28479
3210
566
17462
12831
13787
18100
29361
31501
1325
25763
22126
29562
7234
23702
31812
2346
13527
14366
25359
11486
29890
23953
4192
25648
18493
20746
23922
12990
13954
1713
4192
7818
25752
10813
5526
21409
14956
32695
28037
11003
24099
16768
8860
6307
31151
8085
23411
17687
32416
17426
23881
22002
23613
245
4784
10696
23508
2853
27271
2898
5966
26291
9001
8139
15878
26719
21988
5273
7132
28766
22189
20528
5765
16986
15377
10804
5413
7867
9071
28381
1567
293
1381
12704
30507
10305
11912
13068
29610
19137
12376
24050
7479
7582
24179
8136
12927
4004
11272
8271
30802
24113
32143
7284
14586
26426
17079
26740
19915
23694
27808
23876
26363
15455
5195
13616
1460
13054
25935
7106
23656
18918
8397
29925
2405
2044
19621
8010
24489
26389
25322
13835
12791
17081
5524
5519
21546
9255
31349
10157
18122
3992
13167
15124
16605
14024
26339
27114
3071
13491
7276
21427
26293
13980
20942
11893
24831
13908
23593
29465
26412
10681
26995
10517
28402
19325
13860
5448
31422
24873
19251
20517
26441
8801
22594
1812
14188
9577
32278
27925
21045
29928
7497
7847
26426
13036
32067
31976
27949
27951
24422
17405
28337
1689
21129
24756
6508
23045
23208
18792
17246
31304
16601
24102
23153
13167
8066
5133
29265
12617
32458
28667
25725
28454
5453
5222
13983
21725
276
26247
15129
9492
3268
3774
8160
8379
21781
22578
24461
986
25222
13240
18609
16269
2896
25078
3945
5452
12696
2248
7475
30576
12776
14306
4864
21235
5600
8375
12683
9848
24361
1434
7144
2699
32427
9251
10336
3881
19456
7893
13180
4739
4392
10749
10592
29951
32382
32733
14682
20096
6890
24586
26555
2279
1113
7699
29158
986
5226
867
14502
9668
15722
2153
9413
32284
13187
10486
14810
23787
13872
22502
19298
904
3572
22018
2066
21158
4684
28709
20332
6545
19426
26782
1425
27317
1795
4054
22870
6496
27219
20531
12441
17609
26048
12603
11990
5200
3508
5629
2549
2311
13967
15020
8550
2162
25684
13710
2928
1163
25250
32532
3270
25865
6375
17739
11868
5602
28368
3699
25976
24335
21764
28396
524
27023
17937
22106
22339
5550
21414
14337
21082
1671
5124
4721
29617
1736
943
6760
24098
10933
12137
3316
28817
21360
14944
27864
7620
30583
5287
12081
30325
21614
30179
7001
6566
28191
28743
25100
32565
32447
12226
12233
20656
15474
14710
15995
17514
6162
16237
10841
11983
22828
23687
3595
15860
15180
19639
10766
4979
28795
30063
7001
12405
11525
21081
25921
26640
8320
6728
21146
19412
9
12398
29215
18080
1489
13775
12820
22970
2521
20213
24361
12319
6137
29158
2722
31768
10023
20563
7093
21262
22006
12818
4147
31647
20573
21455
12395
25074
17082
7678
14924
9799
32278
18451
18377
31186
12715
15350
29826
15817
23971
19889
1696
6332
25379
7020
7936
30245
21896
10652
13461
9280
28913
3959
24327
1052
23037
18347
13472
32754
2774
31055
16233
15287
4462
19738
19856
13293
776
8915
8461
16062
18683
15112
17029
9035
10930
10499
31599
15170
14584
8442
15221
21166
32370
30342
27933
14868
6509
24406
32168
16059
8923
20005
7227
32075
1687
31209
29756
17050
12529
25934
26367
28354
13670
31330
2210
3703
21167
3730
25653
7831
30718
25301
19230
11779
12164
29735
13244
20910
4662
12345
27467
7923
10449
25191
7944
8236
24091
27882
149
30592
26220
8783
2462
9212
16494
21287
8893
7397
13089
25601
12699
14157
27938
32661
21081
2533
10540
14658
16430
17170
31711
13243
12625
9539
11968
8189
10777
7553
19586
10372
2914
10312
17028
7358
24628
30869
15258
28864
11935
5440
6160
25912
20457
24716
9964
27554
5100
15869
1140
6847
13241
19049
16880
18243
22401
23122
15025
5326
13238
12915
14930
4894
365
11929
22590
15235
22023
19124
11378
25235
7696
16942
16773
29214
16231
14715
26597
32613
9887
9714
20067
4486
17318
26587
1010
11323
14756
19145
18091
29380
17958
24618
17429
30498
9084
26652
11940
2438
27231
15490
19583
7177
14040
29271
25478
3741
5213
9539
9876
30532
30012
8556
2049
14976
14653
24463
5484
2058
1922
1871
16567
4038
32691
27597
14930
759
1624
13944
16573
13744
12422
13351
2376
29835
4798
30821
9758
25244
30482
19211
3457
29608
16009
5141
9815
22163
29125
14766
32230
25624
17635
9357
2780
26045
4771
24196
8594
18693
4809
32598
32145
4839
20419
23498
1110
10111
8075
11005
9554
14852
9167
5628
31541
30970
5456
26002
4716
19112
24200
16991
30952
11725
18831
15146
31522
4751
17727
1401
12892
16308
1431
11358
18473
6164
861
8595
4911
21582
7943
25801
28972
1211
27356
13630
567
28576
24663
398
10569
8104
1228
2507
30203
13969
16717
26575
23441
22565
29135
29137
22840
16748
28553
11063
30604
24608
6813
14251
16221
32353
9978
1137
3507
22186
12417
7160
26895
9220
23143
22447
15348
633
32218
25625
6310
13260
11239
19236
27186
7271
1691
30903
13998
3221
13672
28042
22210
10737
30923
5178
18024
3359
8492
27805
29423
26553
27910
339
10822
18060
4679
23453
3959
17413
30458
26994
14450
16102
23843
2512
22796
26941
1514
13137
8007
17303
4092
26878
9428
22641
5423
29031
6614
19439
19301
1012
3305
5073
11442
24694
29795
27554
27329
1281
23770
22834
12659
30206
24806
21831
31946
19580
20007
27792
1542
32455
7050
27866
3085
5948
5321
29318
31504
19803
24369
27195
14188
13598
15272
23256
4046
30857
10734
2989
6811
20355
20771
23274
655
10724
20874
22615
1700
16335
25484
30790
12597
31810
26624
29383
2659
30187
19881
8986
18872
27198
28672
31594
19210
28356
21300
24760
19106
19638
24944
789
11422
15050
3420
1556
21396
26957
32230
3455
19064
5234
10050
585
17856
4330
29999
9156
16325
1716
27261
14612
13421
20023
22988
30436
16391
9102
7062
27991
9590
9251
25968
4673
32658
19071
9868
15256
8651
23648
3459
7717
27664
32524
6993
9343
5615
26086
26529
12858
13565
20287
31308
10076
632
17262
24092
14352
9259
18979
20693
27807
31890
2552
13430
23963
17983
1609
9660
94
32380
28486
23528
6067
25394
14406
13762
7378
2057
26719
6110
13458
18129
22835
30
1242
3873
22540
29304
32344
22845
23852
8953
28278
16445
19806
266
28042
1900
31185
2035
32077
3823
21030
30877
27535
31655
31944
24732
19753
5720
18812
4716
9522
9738
12857
29435
3190
18863
24121
16488
27939
5383
23376
13835
9926
29889
381
12725
11894
7651
13503
15929
32591
3179
31017
10027
28451
21814
3385
31207
15211
20258
32358
6101
25220
22384
27640
15852
7448
13676
27676
9589
3034
24911
18232
8722
28022
12900
32124
24830
28871
14442
19130
11670
30539
17466
7287
24345
23509
25513
11842
21420
4482
21680
16452
7329
12014
13258
7193
16376
14760
27038
23518
13094
17891
7134
10123
29462
15982
9583
23683
23918
26854
22986
21354
12051
31274
6050
14391
19439
20239
28359
10378
13298
7509
23882
3135
18774
12506
26594
23619
19496
2318
4494
19366
12036
27303
30332
1778
10528
14742
3626
32188
10635
12089
22731
27256
4023
16594
31724
3218
19766
19000
4695
18618
21697
20684
13111
9087
31358
29359
29822
18975
10627
22066
27780
7581
4758
11662
30448
29717
14390
8918
16604
1101
31712
16425
24628
12172
4235
10284
31327
7599
30325
12983
15906
24441
25633
16847
13505
2859
16544
25301
11879
1876
4881
4092
19911
30699
2916
9729
30468
411
2147
25110
9678
22366
16114
31775
28367
17997
26261
12576
12357
13239
3892
20982
13808
16752
1051
10822
21550
3179
24645
21428
15973
14731
14298
18773
7329
17591
31478
20326
9342
17965
30124
830
14665
8728
4427
10113
22370
22116
15071
151
20196
23249
4859
21852
4488
18246
19126
26649
6087
13417
20980
31668
8511
2668
15079
14627
21592
12841
30421
2342
295
23666
20507
13878
2963
21410
17778
27320
16566
2936
10865
24439
7046
25382
12627
20049
15540
19876
16891
32049
6612
21578
16949
30013
10175
10142
13119
14928
1077
12907
18568
5802
25287
25363
23479
20198
16628
7973
25071
21037
9619
5426
18001
15018
28529
24797
19907
12861
30522
13618
26608
3956
2205
313
4496
16055
30379
17098
11242
19394
20352
31650
28055
8025
29478
31927
20616
17718
4534
31689
8523
20039
21696
10042
5001
8982
14317
11295
32724
23177
21731
25239
11935
26827
9833
5212
21646
14986
1740
4503
9201
4195
28033
2041
6027
11930
12299
20487
23191
13583
18976
9397
29197
13165
28935
31031
2849
19877
30276
24852
4876
1179
15735
15996
31760
30494
18818
10971
21430
12062
9450
19886
3675
20249
10624
5526
11242
13271
27456
1962
6635
24151
19065
6418
30397
14857
28974
18130
6687
4926
16316
24547
1782
20956
27838
13704
10826
19542
23598
9695
2961
18139
29133
13494
21040
29390
25284
9889
17471
631
19083
21065
8844
9464
1802
7175
1507
32386
8190
20402
8589
28872
15775
19637
3863
18356
29312
14436
1877
7769
23734
10896
11429
4138
25148
2136
19064
2665
3222
323
11791
20962
18357
25228
31875
4312
2075
13501
10760
320
7231
22399
30322
1837
11571
4017
4857
20364
12932
15287
21817
18193
23906
8725
7037
32113
16128
3644
17980
18642
11838
12195
27364
15743
12422
28442
9175
19937
27123
11868
8627
9899
22713
9699
25047
6996
24513
21760
11811
14026
25747
14378
18942
17509
1145
14743
28830
25881
9441
4105
2180
1265
25348
32747
12357
17592
9925
12956
2192
11257
23772
6155
24429
14123
7219
1668
8387
5669
14992
3273
12317
11992
5237
10853
4013
14396
3141
25149
30866
395
1191
23400
18518
14766
23087
1088
26555
19188
8252
27577
3767
7946
9500
17650
2493
24360
375
18698
25662
1160
14058
27445
7280
19740
8690
4879
17486
26752
17164
20784
13280
28974
8986
16896
12476
1521
22281
4812
11981
6044
26289
23834
3667
16123
6908
19514
31531
12042
30539
16670
20817
5989
25109
26732
10915
2816
16593
30416
31207
16152
2839
32663
22288
13929
6402
6522
24765
11426
12504
17847
22275
22038
6125
19815
21356
18356
10948
2315
16959
6969
16504
18024
258
9124
23898
16533
17982
17898
30940
24146
13954
18924
23214
10907
19114
14246
21286
15229
27489
5289
21221
31529
26085
5579
9656
1863
7691
6429
21692
6796
8578
31773
29638
13455
91
8749
24065
29656
3785
16196
9689
22074
29734
15076
15384
21348
11063
16204
4687
1458
22449
18670
15480
21833
5372
18979
21977
22882
8758
14110
11564
25574
3963
3614
31740
27452
20580
12264
11602
18014
22477
7285
30609
28467
8412
26600
19871
16153
18751
31683
27461
22976
8372
30809
217
14911
20943
19079
16922
5729
2040
18847
23643
3136
14003
29093
6116
19990
26148
3518
10389
16463
10450
26341
29132
15843
7851
19168
16777
30434
10568
32626
18128
7505
13683
30163
18255
21556
15846
21085
22593
5356
27478
7304
7826
32451
30128
11032
23108
17606
10915
8341
16657
11731
15710
3068
27730
23282
17307
436
24095
18408
988
16579
25016
14858
30964
14402
19235
4432
11978
270
23063
12202
23642
8129
17433
27287
24316
8929
10725
15091
31465
29015
31759
7952
1275
23842
4842
25353
22964
20044
32169
17235
17794
6685
19652
7573
16961
23184
23454
9146
11778
23043
23908
17732
24331
26418
12600
17123
14623
9574
16783
8262
10239
11498
29399
26673
9008
4031
25950
30416
7935
5776
3695
15947
3779
18920
27838
14746
23650
7075
23557
411
30998
17571
19440
14433
27505
10948
24119
16079
32415
25361
12297
26726
30444
9272
21169
8540
28549
15675
14196
15086
17795
25705
4792
20983
13349
29325
31340
960
1629
24165
17315
25882
399
3157
25474
28586
28053
18013
22365
22917
24070
28745
22557
2813
8376
19495
23781
9914
30083
25342
12533
22540
29512
26045
8398
23423
15922
6770
662
30128
29500
10684
7615
19552
27892
24707
13796
21959
17790
14822
15603
21034
14811
17781
28817
944
21100
15777
26298
6258
29873
25200
19880
31441
16983
27766
25335
31756
26994
11264
26118
3346
18951
10386
2464
31124
5325
21652
10460
22879
18228
10568
17217
11241
10407
16127
1070
21033
11534
13709
22905
23212
24728
250
23895
21478
16567
28282
6012
6342
9836
30111
22915
19341
9668
10702
14991
29407
1699
24560
30259
27930
15040
23657
12943
11752
29937
7502
29116
31248
17833
5330
12907
5522
24766
26626
968
6130
28784
1459
4261
23252
6568
10680
26068
14025
5501
8280
30676
617
1020
24063
11185
1954
23593
16179
26405
25423
7489
1226
27651
780
9538
24666
725
13641
20653
9458
14532
32670
18315
28679
13497
12126
7086
24241
26562
22639
7225
8984
7351
13913
611
3624
11037
9116
23415
24973
20810
6983
21535
32219
31178
30918
18659
16652
28674
27132
16365
10544
18451
18322
12303
3936
32258
18318
14599
3828
4117
15911
12545
27894
6272
24791
11101
5078
10816
16307
23731
30558
30024
26872
20
29929
30171
27366
8595
976
13113
10193
29188
18982
20861
12405
2052
27045
31430
6282
12858
6375
25493
31128
16092
23770
28278
6157
23668
30318
13027
24205
30692
22672
27493
9097
15271
14940
3836
27923
5211
6542
6593
9968
24188
16698
18634
32495
8563
10430
19790
23418
31695
16116
15113
8299
9426
30124
13794
13857
10031
8537
8908
1746
14610
266
24554
26146
21857
668
18422
5877
31297
5934
1251
25474
12509
11222
30145
31658
16995
6802
11234
3463
15950
10114
17211
19527
13803
24148
6668
22843
20758
25599
11204
17195
8261
4276
4895
4077
20425
26129
30609
1077
8272
13721
27111
7599
18605
2913
29740
29515
9436
12555
24777
28633
22080
23800
31985
6869
14640
25018
23100
25476
21426
29128
21394
8768
8582
19318
22859
17423
24935
24868
18580
21627
18317
20917
21013
22942
14710
17731
13265
13949
30438
528
19021
1943
21549
19904
15604
11709
27048
28358
18874
31523
23690
25117
29696
14008
9436
6456
6839
27059
29891