8 
9 
20 
26 
30 
34 
40 
41 
43 
45 
46 
46 
51 
61 
81 
91 
94 
94 
96 
97 
105 
107 
117 
124 
131 
132 
137 
140 
140 
143 
144 
144 
145 
149 
151 
154 
157 
160 
164 
169 
169 
183 
186 
202 
203 
205 
211 
212 
217 
219 
220 
221 
223 
245 
248 
250 
250 
251 
252 
253 
254 
256 
256 
258 
258 
260 
263 
264 
266 
266 
270 
272 
274 
275 
276 
278 
282 
293 
294 
295 
297 
299 
303 
304 
311 
313 
319 
320 
323 
326 
335 
339 
349 
353 
354 
354 
358 
365 
365 
375 
376 
381 
382 
387 
392 
395 
398 
399 
402 
403 
411 
411 
419 
420 
428 
431 
432 
435 
436 
436 
438 
447 
452 
453 
455 
455 
459 
463 
466 
470 
480 
480 
480 
487 
496 
496 
500 
508 
520 
524 
528 
532 
532 
533 
534 
536 
537 
552 
555 
562 
563 
566 
567 
571 
571 
571 
573 
578 
582 
583 
585 
592 
597 
598 
598 
606 
606 
606 
606 
609 
611 
613 
617 
618 
621 
625 
625 
631 
632 
633 
635 
638 
640 
642 
653 
655 
659 
659 
660 
662 
662 
663 
666 
668 
680 
680 
683 
686 
690 
693 
695 
696 
696 
700 
707 
713 
713 
719 
724 
725 
726 
730 
735 
736 
741 
744 
749 
751 
759 
761 
763 
764 
776 
780 
783 
787 
789 
790 
801 
801 
801 
805 
806 
806 
806 
814 
829 
830 
830 
830 
836 
851 
852 
858 
859 
861 
867 
871 
872 
873 
881 
888 
889 
898 
902 
903 
904 
907 
908 
909 
914 
918 
930 
936 
943 
944 
953 
959 
960 
968 
971 
973 
975 
976 
976 
977 
979 
981 
986 
986 
986 
986 
988 
989 
992 
997 
1008 
1010 
1012 
1013 
1015 
1018 
1020 
1023 
1030 
1040 
1043 
1051 
1052 
1057 
1058 
1068 
1070 
1071 
1073 
1077 
1077 
1078 
1081 
1088 
1090 
1092 
1097 
1098 
1099 
1100 
1101 
1106 
1110 
1111 
1111 
1113 
1115 
1121 
1123 
1125 
1128 
1130 
1134 
1137 
1140 
1140 
1142 
1145 
1146 
1147 
1150 
1150 
1150 
1153 
1156 
1159 
1160 
1160 
1162 
1163 
1163 
1164 
1168 
1169 
1178 
1179 
1186 
1191 
1193 
1199 
1200 
1202 
1205 
1205 
1206 
1211 
1216 
1221 
1222 
1226 
1228 
1229 
1230 
1232 
1236 
1239 
1242 
1244 
1244 
1246 
1247 
1251 
1253 
1259 
1265 
1272 
1275 
1275 
1278 
1281 
1288 
1289 
1293 
1295 
1303 
1304 
1308 
1312 
1316 
1323 
1325 
1327 
1329 
1331 
1335 
1337 
1343 
1344 
1346 
1346 
1358 
1358 
1364 
1367 
1374 
1375 
1379 
1379 
1381 
1383 
1387 
1389 
1391 
1393 
1396 
1397 
1401 
1414 
1415 
1418 
1422 
1424 
1425 
1428 
1431 
1431 
1434 
1437 
1439 
1441 
1442 
1448 
1453 
1458 
1459 
1460 
1460 
1461 
1462 
1466 
1467 
1470 
1473 
1474 
1474 
1478 
1478 
1483 
1489 
1497 
1501 
1507 
1507 
1514 
1517 
1518 
1521 
1524 
1530 
1531 
1533 
1535 
1542 
1547 
1548 
1550 
1551 
1556 
1567 
1574 
1578 
1583 
1584 
1587 
1588 
1590 
1592 
1598 
1606 
1609 
1613 
1614 
1614 
1614 
1615 
1618 
1621 
1622 
1624 
1629 
1631 
1632 
1644 
1651 
1660 
1661 
1663 
1663 
1665 
1668 
1671 
1687 
1688 
1689 
1691 
1693 
1695 
1696 
1696 
1699 
1700 
1708 
1713 
1716 
1725 
1725 
1726 
1727 
1731 
1735 
1735 
1736 
1740 
1743 
1744 
1746 
1749 
1759 
1760 
1771 
1772 
1778 
1782 
1784 
1785 
1793 
1795 
1802 
1812 
1812 
1818 
1821 
1822 
1826 
1826 
1837 
1840 
1841 
1845 
1845 
1856 
1861 
1862 
1863 
1865 
1867 
1867 
1868 
1871 
1875 
1875 
1876 
1877 
1882 
1892 
1900 
1901 
1909 
1912 
1912 
1915 
1915 
1919 
1919 
1922 
1928 
1930 
1938 
1939 
1941 
1943 
1948 
1948 
1954 
1958 
1962 
1969 
1973 
1984 
1988 
1991 
1991 
1993 
1995 
1998 
2003 
2018 
2019 
2020 
2021 
2029 
2032 
2033 
2035 
2040 
2041 
2042 
2044 
2048 
2049 
2049 
2052 
2054 
2057 
2057 
2058 
2061 
2064 
2066 
2068 
2072 
2075 
2082 
2089 
2093 
2099 
2102 
2104 
2107 
2113 
2113 
2116 
2119 
2120 
2123 
2127 
2128 
2131 
2135 
2136 
2139 
2144 
2146 
2147 
2148 
2153 
2155 
2158 
2158 
2158 
2162 
2162 
2163 
2169 
2172 
2180 
2183 
2190 
2192 
2192 
2199 
2204 
2205 
2208 
2210 
2211 
2216 
2222 
2223 
2236 
2238 
2241 
2244 
2247 
2248 
2250 
2265 
2276 
2277 
2279 
2285 
2287 
2287 
2288 
2291 
2304 
2304 
2311 
2314 
2315 
2315 
2317 
2318 
2323 
2323 
2323 
2327 
2327 
2327 
2339 
2341 
2342 
2344 
2346 
2348 
2353 
2357 
2362 
2364 
2367 
2373 
2374 
2376 
2377 
2381 
2381 
2384 
2386 
2390 
2397 
2400 
2401 
2401 
2402 
2405 
2412 
2418 
2419 
2422 
2423 
2423 
2426 
2431 
2431 
2431 
2433 
2434 
2438 
2438 
2442 
2443 
2446 
2446 
2447 
2449 
2454 
2462 
2464 
2465 
2467 
2468 
2476 
2489 
2493 
2498 
2499 
2507 
2512 
2512 
2519 
2521 
2521 
2523 
2524 
2525 
2526 
2531 
2533 
2535 
2538 
2540 
2542 
2544 
2549 
2550 
2552 
2558 
2569 
2571 
2574 
2582 
2583 
2583 
2584 
2590 
2592 
2594 
2598 
2601 
2604 
2606 
2624 
2626 
2628 
2629 
2631 
2632 
2633 
2645 
2646 
2647 
2654 
2658 
2659 
2665 
2665 
2668 
2680 
2689 
2690 
2696 
2699 
2699 
2701 
2704 
2707 
2722 
2724 
2730 
2733 
2736 
2742 
2755 
2757 
2763 
2774 
2775 
2776 
2777 
2777 
2780 
2784 
2788 
2792 
2800 
2801 
2807 
2808 
2810 
2813 
2816 
2825 
2828 
2839 
2849 
2853 
2853 
2856 
2859 
2859 
2862 
2863 
2863 
2867 
2871 
2874 
2876 
2881 
2882 
2884 
2896 
2897 
2897 
2898 
2899 
2899 
2903 
2913 
2913 
2914 
2916 
2919 
2924 
2927 
2928 
2931 
2933 
2936 
2936 
2936 
2936 
2942 
2944 
2946 
2949 
2951 
2951 
2953 
2959 
2961 
2963 
2965 
2966 
2967 
2967 
2968 
2971 
2976 
2979 
2980 
2982 
2982 
2983 
2984 
2985 
2989 
2999 
3010 
3010 
3014 
3023 
3024 
3026 
3030 
3034 
3034 
3038 
3038 
3044 
3059 
3060 
3062 
3068 
3068 
3070 
3071 
3071 
3077 
3081 
3082 
3085 
3085 
3087 
3091 
3099 
3109 
3131 
3135 
3136 
3141 
3141 
3142 
3142 
3157 
3161 
3171 
3175 
3179 
3179 
3184 
3186 
3190 
3190 
3200 
3204 
3205 
3210 
3216 
3216 
3218 
3221 
3221 
3222 
3226 
3228 
3237 
3261 
3263 
3267 
3268 
3268 
3270 
3273 
3275 
3275 
3276 
3284 
3291 
3291 
3305 
3305 
3306 
3315 
3315 
3315 
3316 
3317 
3321 
3322 
3345 
3346 
3348 
3351 
3351 
3355 
3355 
3357 
3359 
3378 
3380 
3383 
3385 
3389 
3394 
3402 
3406 
3408 
3412 
3420 
3420 
3421 
3437 
3439 
3443 
3443 
3449 
3449 
3455 
3457 
3459 
3463 
3464 
3466 
3468 
3470 
3470 
3470 
3474 
3475 
3480 
3482 
3484 
3484 
3490 
3492 
3492 
3505 
3507 
3508 
3509 
3513 
3518 
3518 
3518 
3524 
3525 
3535 
3539 
3540 
3546 
3549 
3558 
3570 
3572 
3573 
3573 
3582 
3585 
3591 
3595 
3602 
3614 
3614 
3616 
3618 
3621 
3624 
3625 
3626 
3631 
3637 
3637 
3639 
3644 
3651 
3653 
3658 
3659 
3664 
3667 
3672 
3675 
3677 
3679 
3681 
3690 
3695 
3696 
3699 
3703 
3704 
3705 
3708 
3710 
3725 
3730 
3731 
3739 
3741 
3744 
3748 
3765 
3767 
3767 
3769 
3772 
3774 
3774 
3777 
3779 
3780 
3781 
3784 
3785 
3788 
3790 
3791 
3793 
3796 
3797 
3818 
3822 
3823 
3826 
3826 
3828 
3834 
3836 
3837 
3842 
3847 
3863 
3867 
3873 
3878 
3879 
3881 
3886 
3887 
3892 
3902 
3908 
3910 
3918 
3919 
3933 
3934 
3936 
3938 
3941 
3945 
3947 
3952 
3955 
3955 
3956 
3959 
3959 
3959 
3963 
3965 
3975 
3979 
3984 
3988 
3990 
3992 
4002 
4003 
4004 
4006 
4009 
4013 
4015 
4017 
4017 
4019 
4019 
4023 
4024 
4031 
4033 
4036 
4038 
4038 
4041 
4046 
4046 
4054 
4059 
4062 
4066 
4066 
4067 
4069 
4070 
4071 
4077 
4078 
4079 
4080 
4081 
4081 
4087 
4092 
4092 
4099 
4102 
4103 
4104 
4105 
4106 
4106 
4107 
4116 
4117 
4120 
4124 
4124 
4125 
4128 
4133 
4138 
4139 
4145 
4146 
4147 
4147 
4148 
4151 
4155 
4159 
4160 
4162 
4168 
4172 
4175 
4186 
4187 
4190 
4192 
4192 
4195 
4205 
4210 
4214 
4220 
4229 
4230 
4235 
4243 
4245 
4252 
4253 
4256 
4257 
4259 
4260 
4261 
4262 
4265 
4267 
4272 
4276 
4298 
4300 
4312 
4317 
4317 
4318 
4320 
4330 
4330 
4336 
4346 
4348 
4348 
4352 
4356 
4361 
4367 
4370 
4372 
4377 
4380 
4383 
4387 
4389 
4390 
4392 
4398 
4398 
4401 
4408 
4412 
4418 
4422 
4427 
4432 
4433 
4435 
4437 
4439 
4440 
4443 
4445 
4450 
4459 
4462 
4469 
4470 
4476 
4476 
4477 
4478 
4481 
4482 
4486 
4488 
4492 
4494 
4496 
4496 
4497 
4500 
4503 
4503 
4504 
4507 
4507 
4510 
4517 
4519 
4519 
4520 
4532 
4534 
4538 
4546 
4547 
4549 
4552 
4559 
4562 
4564 
4565 
4570 
4573 
4574 
4579 
4584 
4585 
4585 
4587 
4603 
4611 
4614 
4618 
4623 
4624 
4652 
4653 
4658 
4662 
4669 
4670 
4670 
4671 
4672 
4673 
4679 
4682 
4684 
4687 
4687 
4689 
4695 
4697 
4698 
4708 
4713 
4713 
4714 
4715 
4716 
4716 
4718 
4720 
4721 
4727 
4731 
4739 
4739 
4744 
4745 
4746 
4747 
4750 
4751 
4752 
4758 
4758 
4759 
4761 
4762 
4764 
4769 
4770 
4771 
4776 
4778 
4781 
4782 
4783 
4784 
4791 
4791 
4792 
4792 
4794 
4798 
4809 
4812 
4812 
4820 
4823 
4827 
4829 
4839 
4842 
4842 
4857 
4859 
4861 
4863 
4864 
4876 
4876 
4878 
4879 
4881 
4886 
4886 
4894 
4895 
4895 
4897 
4908 
4911 
4915 
4919 
4921 
4926 
4932 
4938 
4939 
4941 
4944 
4962 
4974 
4977 
4979 
4980 
4985 
4985 
4985 
4993 
4995 
4996 
5001 
5001 
5008 
5013 
5018 
5028 
5038 
5040 
5050 
5065 
5071 
5073 
5078 
5078 
5079 
5087 
5088 
5093 
5093 
5100 
5102 
5110 
5111 
5111 
5113 
5114 
5117 
5124 
5130 
5131 
5133 
5133 
5135 
5141 
5147 
5148 
5152 
5156 
5162 
5164 
5164 
5166 
5172 
5174 
5177 
5178 
5178 
5181 
5182 
5195 
5196 
5198 
5198 
5199 
5200 
5205 
5207 
5211 
5211 
5212 
5213 
5214 
5222 
5224 
5225 
5226 
5231 
5233 
5234 
5234 
5235 
5237 
5238 
5243 
5245 
5246 
5252 
5256 
5257 
5264 
5265 
5266 
5273 
5275 
5278 
5287 
5289 
5289 
5297 
5302 
5309 
5313 
5316 
5317 
5321 
5322 
5324 
5325 
5326 
5330 
5333 
5342 
5342 
5343 
5351 
5352 
5356 
5358 
5372 
5376 
5383 
5383 
5389 
5392 
5392 
5396 
5397 
5402 
5404 
5409 
5413 
5413 
5414 
5415 
5422 
5423 
5426 
5432 
5436 
5440 
5442 
5447 
5448 
5452 
5452 
5453 
5455 
5456 
5457 
5465 
5468 
5473 
5480 
5481 
5484 
5498 
5499 
5501 
5503 
5504 
5514 
5519 
5522 
5524 
5526 
5526 
5533 
5534 
5537 
5538 
5539 
5546 
5550 
5557 
5558 
5559 
5560 
5561 
5564 
5574 
5579 
5580 
5588 
5596 
5600 
5602 
5606 
5606 
5607 
5608 
5610 
5611 
5611 
5611 
5615 
5625 
5628 
5629 
5637 
5637 
5640 
5643 
5645 
5647 
5652 
5655 
5661 
5662 
5663 
5668 
5669 
5686 
5689 
5689 
5693 
5696 
5700 
5711 
5716 
5720 
5724 
5725 
5726 
5729 
5736 
5743 
5745 
5749 
5759 
5760 
5760 
5763 
5765 
5776 
5781 
5788 
5791 
5797 
5801 
5802 
5802 
5814 
5817 
5818 
5818 
5836 
5844 
5847 
5847 
5874 
5877 
5878 
5878 
5884 
5886 
5890 
5890 
5897 
5901 
5902 
5905 
5909 
5914 
5916 
5919 
5919 
5920 
5921 
5925 
5933 
5934 
5935 
5937 
5940 
5948 
5957 
5958 
5959 
5960 
5965 
5966 
5966 
5968 
5974 
5983 
5988 
5988 
5989 
5993 
6000 
6001 
6005 
6006 
6006 
6009 
6009 
6012 
6013 
6022 
6025 
6025 
6027 
6028 
6030 
6031 
6039 
6041 
6041 
6044 
6050 
6067 
6073 
6074 
6076 
6079 
6079 
6080 
6085 
6087 
6089 
6094 
6095 
6095 
6096 
6097 
6099 
6099 
6100 
6101 
6101 
6101 
6106 
6110 
6115 
6116 
6120 
6125 
6126 
6127 
6130 
6133 
6133 
6137 
6138 
6155 
6157 
6160 
6162 
6162 
6164 
6172 
6177 
6178 
6179 
6185 
6185 
6187 
6195 
6196 
6197 
6203 
6205 
6217 
6222 
6225 
6227 
6230 
6238 
6238 
6240 
6241 
6244 
6245 
6247 
6248 
6253 
6258 
6260 
6265 
6272 
6272 
6273 
6281 
6282 
6283 
6283 
6284 
6291 
6293 
6293 
6294 
6299 
6303 
6303 
6307 
6309 
6310 
6311 
6318 
6320 
6321 
6325 
6332 
6342 
6346 
6349 
6351 
6356 
6361 
6362 
6364 
6369 
6369 
6375 
6375 
6375 
6376 
6379 
6389 
6395 
6396 
6402 
6413 
6415 
6418 
6418 
6424 
6429 
6430 
6435 
6442 
6443 
6453 
6454 
6456 
6459 
6471 
6477 
6480 
6480 
6486 
6488 
6492 
6496 
6498 
6501 
6508 
6509 
6511 
6512 
6513 
6515 
6516 
6517 
6517 
6517 
6520 
6522 
6523 
6526 
6530 
6541 
6541 
6542 
6542 
6545 
6548 
6558 
6561 
6566 
6567 
6568 
6581 
6588 
6593 
6600 
6600 
6604 
6605 
6607 
6612 
6614 
6615 
6623 
6623 
6624 
6630 
6632 
6634 
6635 
6644 
6647 
6668 
6668 
6673 
6674 
6675 
6675 
6685 
6687 
6688 
6695 
6695 
6703 
6714 
6719 
6720 
6728 
6733 
6734 
6737 
6738 
6739 
6741 
6741 
6746 
6756 
6758 
6760 
6760 
6766 
6770 
6775 
6776 
6778 
6779 
6781 
6785 
6793 
6796 
6796 
6799 
6801 
6802 
6803 
6809 
6810 
6811 
6813 
6814 
6821 
6821 
6821 
6822 
6823 
6825 
6837 
6839 
6844 
6847 
6848 
6848 
6849 
6850 
6861 
6864 
6865 
6869 
6877 
6879 
6881 
6881 
6887 
6889 
6890 
6895 
6895 
6895 
6908 
6908 
6914 
6915 
6922 
6929 
6933 
6936 
6939 
6951 
6952 
6961 
6964 
6965 
6969 
6971 
6983 
6983 
6985 
6991 
6993 
6994 
6996 
6997 
7001 
7001 
7005 
7016 
7020 
7021 
7025 
7025 
7025 
7025 
7037 
7041 
7046 
7046 
7049 
7050 
7062 
7064 
7064 
7068 
7068 
7075 
7075 
7075 
7075 
7077 
7079 
7082 
7082 
7083 
7086 
7086 
7093 
7100 
7105 
7106 
7111 
7118 
7130 
7132 
7133 
7134 
7135 
7144 
7151 
7153 
7160 
7165 
7168 
7170 
7173 
7174 
7175 
7176 
7177 
7180 
7183 
7191 
7191 
7191 
7191 
7193 
7197 
7202 
7203 
7219 
7225 
7227 
7230 
7231 
7232 
7234 
7237 
7245 
7249 
7253 
7254 
7261 
7263 
7265 
7269 
7271 
7273 
7274 
7276 
7279 
7280 
7283 
7284 
7284 
7285 
7285 
7286 
7287 
7287 
7287 
7302 
7304 
7309 
7313 
7315 
7316 
7319 
7320 
7321 
7327 
7327 
7328 
7329 
7329 
7331 
7336 
7336 
7347 
7351 
7351 
7352 
7353 
7358 
7358 
7365 
7366 
7374 
7375 
7378 
7378 
7378 
7379 
7381 
7382 
7386 
7390 
7391 
7393 
7394 
7397 
7402 
7407 
7415 
7416 
7419 
7421 
7422 
7424 
7427 
7430 
7440 
7441 
7442 
7443 
7448 
7453 
7454 
7456 
7458 
7468 
7475 
7479 
7479 
7487 
7489 
7492 
7494 
7497 
7498 
7502 
7505 
7509 
7510 
7517 
7519 
7524 
7524 
7524 
7528 
7529 
7529 
7531 
7531 
7536 
7538 
7543 
7545 
7545 
7546 
7553 
7559 
7561 
7561 
7561 
7563 
7568 
7572 
7573 
7573 
7581 
7582 
7584 
7587 
7596 
7596 
7599 
7599 
7607 
7610 
7610 
7613 
7615 
7616 
7619 
7620 
7622 
7628 
7631 
7633 
7635 
7638 
7641 
7651 
7662 
7666 
7668 
7678 
7682 
7686 
7686 
7690 
7691 
7696 
7696 
7697 
7699 
7700 
7703 
7704 
7705 
7712 
7713 
7713 
7714 
7717 
7725 
7729 
7731 
7741 
7746 
7752 
7769 
7774 
7779 
7781 
7781 
7791 
7795 
7800 
7801 
7806 
7808 
7810 
7813 
7813 
7818 
7820 
7820 
7822 
7826 
7827 
7831 
7834 
7835 
7838 
7840 
7841 
7841 
7841 
7847 
7851 
7852 
7859 
7859 
7860 
7863 
7863 
7866 
7867 
7869 
7871 
7872 
7882 
7886 
7887 
7888 
7893 
7894 
7895 
7895 
7897 
7902 
7906 
7907 
7915 
7919 
7923 
7928 
7935 
7936 
7943 
7943 
7944 
7946 
7952 
7952 
7952 
7961 
7970 
7973 
7975 
7978 
7981 
7984 
7986 
7989 
7993 
7993 
7999 
8007 
8007 
8008 
8010 
8011 
8013 
8016 
8020 
8025 
8026 
8042 
8045 
8056 
8064 
8066 
8074 
8075 
8078 
8085 
8092 
8093 
8104 
8105 
8109 
8117 
8119 
8123 
8126 
8129 
8132 
8134 
8136 
8137 
8139 
8140 
8147 
8148 
8149 
8150 
8159 
8160 
8174 
8187 
8188 
8189 
8189 
8190 
8191 
8200 
8206 
8207 
8212 
8217 
8236 
8247 
8252 
8253 
8255 
8258 
8261 
8262 
8262 
8262 
8263 
8270 
8271 
8272 
8280 
8281 
8288 
8299 
8300 
8312 
8319 
8320 
8320 
8325 
8327 
8330 
8336 
8341 
8342 
8349 
8351 
8354 
8358 
8360 
8360 
8372 
8372 
8372 
8375 
8376 
8376 
8377 
8379 
8387 
8389 
8390 
8390 
8397 
8398 
8398 
8399 
8401 
8404 
8410 
8411 
8411 
8412 
8419 
8422 
8422 
8435 
8437 
8438 
8442 
8442 
8444 
8450 
8454 
8458 
8461 
8461 
8467 
8469 
8474 
8475 
8477 
8479 
8485 
8488 
8492 
8492 
8492 
8496 
8510 
8511 
8517 
8521 
8523 
8524 
8537 
8539 
8540 
8543 
8543 
8546 
8549 
8550 
8550 
8551 
8555 
8555 
8556 
8559 
8561 
8563 
8566 
8571 
8578 
8578 
8580 
8582 
8586 
8586 
8587 
8589 
8589 
8593 
8594 
8595 
8595 
8595 
8599 
8614 
8617 
8622 
8622 
8624 
8626 
8627 
8628 
8647 
8649 
8651 
8655 
8655 
8664 
8666 
8674 
8674 
8686 
8686 
8690 
8692 
8703 
8703 
8703 
8709 
8714 
8716 
8718 
8722 
8723 
8725 
8726 
8727 
8727 
8728 
8738 
8742 
8742 
8744 
8749 
8749 
8754 
8758 
8758 
8758 
8762 
8762 
8766 
8768 
8771 
8774 
8774 
8776 
8778 
8780 
8783 
8783 
8783 
8786 
8789 
8799 
8801 
8801 
8805 
8807 
8811 
8813 
8813 
8821 
8829 
8831 
8832 
8844 
8844 
8846 
8847 
8847 
8847 
8847 
8851 
8853 
8856 
8860 
8862 
8863 
8876 
8878 
8878 
8880 
8881 
8884 
8890 
8893 
8897 
8898 
8901 
8904 
8906 
8908 
8911 
8914 
8915 
8918 
8921 
8923 
8929 
8932 
8943 
8946 
8949 
8950 
8953 
8955 
8959 
8960 
8961 
8964 
8969 
8970 
8982 
8984 
8986 
8986 
8986 
8988 
8999 
9001 
9006 
9006 
9008 
9008 
9010 
9015 
9016 
9020 
9023 
9026 
9032 
9033 
9034 
9035 
9038 
9040 
9049 
9050 
9061 
9064 
9065 
9067 
9069 
9070 
9071 
9081 
9083 
9084 
9084 
9087 
9089 
9096 
9097 
9097 
9098 
9102 
9105 
9112 
9116 
9124 
9128 
9130 
9130 
9134 
9145 
9146 
9146 
9149 
9155 
9156 
9162 
9166 
9166 
9167 
9168 
9171 
9175 
9184 
9185 
9186 
9188 
9191 
9192 
9195 
9196 
9201 
9207 
9212 
9215 
9215 
9217 
9220 
9231 
9233 
9240 
9246 
9251 
9251 
9251 
9255 
9259 
9262 
9264 
9267 
9269 
9272 
9278 
9280 
9283 
9303 
9306 
9308 
9312 
9327 
9328 
9329 
9336 
9337 
9341 
9341 
9342 
9343 
9343 
9344 
9349 
9349 
9352 
9353 
9353 
9357 
9357 
9360 
9376 
9377 
9382 
9387 
9395 
9397 
9397 
9397 
9397 
9399 
9407 
9413 
9415 
9418 
9421 
9424 
9424 
9426 
9428 
9430 
9436 
9436 
9437 
9438 
9441 
9450 
9458 
9460 
9461 
9464 
9464 
9465 
9470 
9478 
9481 
9483 
9485 
9491 
9492 
9492 
9494 
9495 
9498 
9499 
9500 
9510 
9522 
9525 
9528 
9528 
9528 
9533 
9534 
9537 
9538 
9539 
9539 
9539 
9540 
9544 
9548 
9554 
9556 
9557 
9563 
9569 
9574 
9574 
9576 
9577 
9579 
9581 
9581 
9583 
9583 
9583 
9583 
9589 
9590 
9594 
9598 
9600 
9615 
9619 
9626 
9637 
9644 
9647 
9656 
9659 
9660 
9668 
9668 
9674 
9678 
9680 
9682 
9683 
9684 
9689 
9689 
9693 
9695 
9698 
9698 
9699 
9700 
9714 
9717 
9717 
9720 
9721 
9722 
9729 
9735 
9738 
9739 
9741 
9749 
9750 
9754 
9754 
9757 
9758 
9765 
9772 
9773 
9775 
9781 
9783 
9786 
9798 
9799 
9815 
9820 
9822 
9827 
9833 
9836 
9848 
9849 
9856 
9857 
9862 
9864 
9868 
9873 
9875 
9876 
9881 
9887 
9887 
9889 
9893 
9897 
9899 
9905 
9914 
9914 
9918 
9919 
9924 
9925 
9926 
9930 
9931 
9938 
9946 
9947 
9950 
9954 
9961 
9964 
9967 
9968 
9968 
9968 
9975 
9976 
9976 
9978 
9979 
9995 
10003 
10017 
10023 
10023 
10023 
10027 
10028 
10029 
10031 
10035 
10042 
10044 
10044 
10046 
10050 
10052 
10056 
10060 
10062 
10062 
10063 
10069 
10076 
10091 
10104 
10106 
10111 
10113 
10114 
10117 
10121 
10123 
10126 
10127 
10136 
10140 
10142 
10152 
10157 
10166 
10170 
10172 
10175 
10193 
10200 
10203 
10207 
10207 
10213 
10215 
10220 
10221 
10224 
10228 
10230 
10233 
10234 
10234 
10236 
10239 
10240 
10242 
10243 
10246 
10253 
10257 
10258 
10259 
10265 
10269 
10272 
10274 
10279 
10281 
10283 
10284 
10285 
10286 
10289 
10291 
10293 
10297 
10297 
10300 
10300 
10305 
10305 
10311 
10312 
10318 
10321 
10332 
10336 
10338 
10341 
10341 
10343 
10345 
10350 
10352 
10352 
10355 
10359 
10368 
10372 
10378 
10386 
10387 
10389 
10395 
10401 
10403 
10403 
10403 
10404 
10407 
10408 
10412 
10412 
10412 
10413 
10413 
10415 
10425 
10429 
10430 
10430 
10434 
10434 
10436 
10439 
10446 
10449 
10449 
10449 
10450 
10452 
10455 
10456 
10457 
10460 
10462 
10467 
10473 
10476 
10479 
10486 
10499 
10502 
10506 
10508 
10510 
10510 
10514 
10517 
10520 
10520 
10522 
10526 
10528 
10529 
10533 
10534 
10540 
10540 
10542 
10544 
10551 
10552 
10555 
10566 
10568 
10568 
10569 
10590 
10592 
10597 
10600 
10603 
10606 
10607 
10607 
10615 
10615 
10618 
10619 
10620 
10624 
10624 
10627 
10633 
10635 
10638 
10638 
10642 
10643 
10644 
10647 
10649 
10652 
10656 
10663 
10664 
10665 
10667 
10669 
10673 
10677 
10680 
10681 
10684 
10686 
10694 
10695 
10696 
10702 
10714 
10715 
10715 
10716 
10724 
10724 
10725 
10726 
10727 
10728 
10729 
10729 
10732 
10734 
10736 
10737 
10749 
10750 
10759 
10759 
10760 
10764 
10766 
10767 
10769 
10770 
10772 
10777 
10777 
10780 
10781 
10794 
10799 
10803 
10804 
10805 
10808 
10808 
10813 
10816 
10817 
10819 
10820 
10822 
10822 
10822 
10823 
10824 
10826 
10826 
10831 
10832 
10837 
10841 
10842 
10843 
10848 
10852 
10853 
10856 
10865 
10869 
10878 
10878 
10879 
10883 
10893 
10893 
10896 
10901 
10904 
10905 
10905 
10905 
10907 
10907 
10908 
10908 
10912 
10915 
10915 
10918 
10918 
10923 
10924 
10930 
10933 
10935 
10937 
10938 
10941 
10941 
10945 
10948 
10948 
10955 
10955 
10957 
10965 
10966 
10971 
10975 
10980 
10982 
10987 
10997 
10998 
11001 
11003 
11003 
11005 
11006 
11006 
11011 
11017 
11022 
11032 
11032 
11036 
11037 
11046 
11051 
11055 
11058 
11060 
11063 
11063 
11077 
11078 
11078 
11081 
11083 
11087 
11093 
11095 
11097 
11098 
11101 
11101 
11103 
11104 
11116 
11130 
11136 
11153 
11165 
11171 
11172 
11177 
11177 
11185 
11189 
11190 
11194 
11197 
11204 
11204 
11209 
11217 
11222 
11223 
11226 
11232 
11234 
11235 
11235 
11236 
11239 
11239 
11241 
11242 
11242 
11248 
11249 
11251 
11252 
11257 
11259 
11259 
11264 
11272 
11276 
11279 
11285 
11286 
11289 
11290 
11292 
11295 
11301 
11312 
11316 
11316 
11323 
11327 
11327 
11328 
11342 
11342 
11358 
11366 
11368 
11369 
11369 
11376 
11378 
11378 
11379 
11387 
11388 
11390 
11395 
11405 
11406 
11413 
11413 
11415 
11420 
11420 
11420 
11422 
11426 
11429 
11431 
11442 
11452 
11465 
11469 
11472 
11475 
11477 
11481 
11483 
11484 
11485 
11486 
11487 
11498 
11498 
11506 
11514 
11516 
11521 
11521 
11525 
11525 
11534 
11534 
11536 
11538 
11539 
11540 
11541 
11550 
11562 
11564 
11566 
11571 
11575 
11582 
11585 
11588 
11593 
11597 
11602 
11602 
11602 
11607 
11616 
11617 
11628 
11632 
11643 
11644 
11652 
11653 
11653 
11660 
11662 
11663 
11663 
11665 
11667 
11668 
11670 
11677 
11681 
11682 
11682 
11691 
11702 
11703 
11704 
11709 
11716 
11717 
11717 
11723 
11725 
11725 
11726 
11726 
11729 
11731 
11733 
11738 
11739 
11740 
11741 
11745 
11747 
11751 
11751 
11752 
11752 
11770 
11778 
11779 
11781 
11786 
11787 
11788 
11791 
11793 
11794 
11802 
11811 
11812 
11815 
11825 
11830 
11833 
11835 
11838 
11842 
11843 
11846 
11847 
11860 
11861 
11862 
11862 
11865 
11865 
11868 
11868 
11870 
11874 
11879 
11882 
11889 
11893 
11894 
11895 
11904 
11906 
11912 
11920 
11926 
11928 
11929 
11930 
11932 
11932 
11935 
11935 
11935 
11940 
11941 
11941 
11949 
11951 
11951 
11953 
11954 
11960 
11965 
11967 
11968 
11968 
11973 
11973 
11974 
11978 
11978 
11980 
11981 
11981 
11983 
11984 
11985 
11986 
11990 
11992 
11993 
11994 
11997 
12001 
12003 
12006 
12014 
12015 
12018 
12024 
12026 
12031 
12033 
12036 
12036 
12038 
12042 
12042 
12042 
12043 
12046 
12049 
12051 
12052 
12052 
12054 
12062 
12067 
12069 
12074 
12077 
12079 
12081 
12083 
12085 
12089 
12089 
12090 
12103 
12114 
12122 
12125 
12126 
12127 
12130 
12132 
12137 
12140 
12141 
12143 
12159 
12163 
12164 
12164 
12169 
12171 
12171 
12172 
12173 
12179 
12182 
12183 
12184 
12195 
12195 
12196 
12198 
12198 
12202 
12202 
12213 
12222 
12222 
12225 
12226 
12233 
12236 
12238 
12248 
12254 
12263 
12264 
12274 
12274 
12278 
12280 
12286 
12292 
12297 
12299 
12301 
12301 
12303 
12304 
12306 
12308 
12309 
12311 
12314 
12317 
12319 
12327 
12329 
12330 
12330 
12333 
12341 
12345 
12345 
12347 
12348 
12349 
12350 
12351 
12355 
12357 
12357 
12360 
12363 
12363 
12363 
12364 
12371 
12371 
12372 
12374 
12375 
12376 
12376 
12389 
12393 
12395 
12398 
12405 
12405 
12417 
12418 
12418 
12422 
12422 
12425 
12427 
12430 
12441 
12447 
12448 
12476 
12480 
12486 
12491 
12504 
12504 
12504 
12506 
12507 
12509 
12513 
12513 
12529 
12532 
12533 
12536 
12542 
12544 
12545 
12551 
12553 
12555 
12556 
12559 
12563 
12564 
12564 
12570 
12574 
12575 
12576 
12578 
12579 
12593 
12597 
12598 
12600 
12602 
12603 
12603 
12607 
12611 
12617 
12624 
12625 
12627 
12639 
12647 
12659 
12667 
12668 
12669 
12675 
12676 
12681 
12681 
12682 
12683 
12688 
12689 
12692 
12694 
12696 
12697 
12699 
12699 
12699 
12704 
12705 
12715 
12716 
12720 
12721 
12725 
12725 
12726 
12728 
12732 
12732 
12746 
12746 
12750 
12755 
12756 
12756 
12758 
12758 
12765 
12770 
12776 
12778 
12780 
12782 
12787 
12787 
12788 
12791 
12793 
12794 
12796 
12797 
12799 
12801 
12803 
12805 
12812 
12818 
12819 
12820 
12823 
12827 
12831 
12831 
12833 
12834 
12838 
12839 
12841 
12842 
12843 
12852 
12856 
12857 
12857 
12858 
12858 
12860 
12861 
12861 
12865 
12879 
12882 
12885 
12886 
12892 
12900 
12900 
12901 
12901 
12902 
12907 
12907 
12909 
12914 
12914 
12915 
12923 
12925 
12927 
12928 
12932 
12934 
12935 
12939 
12941 
12943 
12950 
12950 
12950 
12956 
12958 
12959 
12961 
12962 
12975 
12981 
12983 
12983 
12986 
12986 
12990 
12994 
13007 
13013 
13013 
13015 
13017 
13019 
13019 
13022 
13027 
13028 
13029 
13031 
13036 
13037 
13040 
13043 
13051 
13054 
13063 
13063 
13068 
13069 
13071 
13074 
13081 
13083 
13089 
13090 
13091 
13093 
13094 
13095 
13107 
13107 
13110 
13111 
13113 
13116 
13118 
13118 
13119 
13120 
13131 
13133 
13137 
13141 
13142 
13143 
13146 
13149 
13150 
13152 
13153 
13156 
13158 
13161 
13161 
13162 
13165 
13166 
13167 
13167 
13167 
13169 
13171 
13175 
13178 
13180 
13185 
13187 
13187 
13194 
13196 
13199 
13201 
13203 
13207 
13215 
13225 
13225 
13231 
13232 
13232 
13238 
13239 
13240 
13241 
13243 
13244 
13245 
13251 
13255 
13258 
13260 
13260 
13261 
13261 
13262 
13264 
13264 
13265 
13269 
13270 
13271 
13273 
13275 
13276 
13279 
13280 
13282 
13293 
13294 
13298 
13301 
13302 
13307 
13308 
13309 
13309 
13310 
13311 
13312 
13312 
13315 
13323 
13331 
13335 
13335 
13336 
13342 
13349 
13351 
13351 
13357 
13357 
13359 
13367 
13370 
13377 
13378 
13384 
13385 
13386 
13389 
13390 
13391 
13392 
13393 
13396 
13399 
13403 
13404 
13406 
13407 
13411 
13417 
13417 
13418 
13421 
13429 
13429 
13430 
13430 
13432 
13433 
13437 
13445 
13449 
13449 
13455 
13458 
13458 
13461 
13468 
13468 
13469 
13472 
13473 
13473 
13475 
13477 
13478 
13485 
13488 
13489 
13490 
13491 
13491 
13494 
13495 
13495 
13497 
13497 
13499 
13501 
13503 
13503 
13504 
13505 
13509 
13511 
13511 
13512 
13518 
13518 
13520 
13524 
13524 
13527 
13540 
13540 
13540 
13549 
13552 
13554 
13557 
13559 
13563 
13563 
13565 
13567 
13568 
13571 
13573 
13579 
13581 
13583 
13587 
13588 
13589 
13592 
13593 
13595 
13597 
13598 
13600 
13607 
13612 
13615 
13616 
13618 
13618 
13620 
13625 
13630 
13637 
13640 
13641 
13642 
13646 
13648 
13648 
13651 
13652 
13653 
13659 
13670 
13672 
13674 
13676 
13682 
13683 
13691 
13692 
13698 
13698 
13704 
13704 
13709 
13710 
13710 
13717 
13718 
13721 
13728 
13728 
13728 
13744 
13748 
13755 
13756 
13761 
13762 
13762 
13762 
13767 
13768 
13775 
13778 
13780 
13786 
13787 
13794 
13794 
13795 
13796 
13803 
13804 
13804 
13805 
13807 
13808 
13810 
13812 
13828 
13835 
13835 
13839 
13853 
13854 
13857 
13858 
13860 
13863 
13864 
13868 
13870 
13872 
13872 
13878 
13883 
13886 
13892 
13896 
13896 
13899 
13900 
13902 
13908 
13909 
13913 
13913 
13914 
13916 
13918 
13921 
13929 
13939 
13944 
13945 
13947 
13948 
13949 
13949 
13950 
13954 
13954 
13959 
13960 
13964 
13967 
13969 
13974 
13975 
13979 
13979 
13980 
13983 
13984 
13985 
13987 
13989 
13994 
13997 
13998 
14003 
14004 
14004 
14005 
14008 
14008 
14010 
14024 
14024 
14025 
14026 
14028 
14031 
14032 
14035 
14037 
14038 
14040 
14041 
14049 
14049 
14058 
14061 
14061 
14065 
14068 
14074 
14079 
14080 
14082 
14084 
14085 
14095 
14098 
14100 
14100 
14102 
14103 
14110 
14114 
14121 
14123 
14134 
14136 
14144 
14144 
14149 
14152 
14157 
14157 
14160 
14167 
14168 
14169 
14171 
14182 
14185 
14188 
14188 
14188 
14191 
14196 
14196 
14203 
14206 
14208 
14213 
14214 
14216 
14217 
14219 
14237 
14246 
14251 
14252 
14255 
14256 
14258 
14259 
14269 
14279 
14279 
14281 
14290 
14298 
14300 
14302 
14302 
14306 
14310 
14311 
14317 
14327 
14335 
14335 
14337 
14352 
14358 
14358 
14360 
14361 
14361 
14366 
14366 
14368 
14373 
14374 
14374 
14378 
14386 
14390 
14390 
14391 
14393 
14394 
14395 
14396 
14399 
14402 
14406 
14414 
14414 
14414 
14416 
14420 
14425 
14432 
14433 
14436 
14437 
14438 
14438 
14439 
14442 
14446 
14450 
14451 
14459 
14469 
14469 
14472 
14479 
14480 
14484 
14491 
14493 
14496 
14499 
14500 
14502 
14507 
14510 
14511 
14512 
14512 
14519 
14519 
14521 
14528 
14531 
14531 
14532 
14533 
14535 
14539 
14546 
14551 
14552 
14553 
14560 
14565 
14566 
14568 
14569 
14570 
14576 
14581 
14584 
14586 
14586 
14587 
14592 
14594 
14598 
14599 
14610 
14610 
14612 
14613 
14623 
14624 
14627 
14628 
14628 
14631 
14640 
14640 
14641 
14650 
14653 
14658 
14661 
14662 
14662 
14663 
14665 
14669 
14673 
14676 
14677 
14680 
14682 
14690 
14691 
14701 
14704 
14710 
14710 
14712 
14715 
14724 
14726 
14728 
14731 
14736 
14737 
14742 
14743 
14744 
14746 
14748 
14748 
14751 
14752 
14755 
14756 
14756 
14759 
14760 
14763 
14763 
14765 
14766 
14766 
14767 
14769 
14770 
14771 
14772 
14773 
14773 
14775 
14777 
14778 
14782 
14782 
14783 
14784 
14786 
14790 
14792 
14810 
14811 
14822 
14822 
14822 
14826 
14831 
14836 
14838 
14839 
14842 
14850 
14852 
14854 
14855 
14856 
14857 
14858 
14867 
14868 
14870 
14873 
14874 
14874 
14881 
14887 
14887 
14889 
14890 
14892 
14892 
14893 
14897 
14897 
14899 
14905 
14911 
14912 
14918 
14924 
14924 
14927 
14928 
14928 
14929 
14930 
14930 
14938 
14940 
14944 
14946 
14947 
14956 
14967 
14969 
14970 
14974 
14976 
14978 
14986 
14986 
14986 
14991 
14992 
14992 
14995 
14995 
14999 
15016 
15018 
15018 
15020 
15023 
15025 
15033 
15040 
15042 
15043 
15048 
15050 
15050 
15050 
15051 
15056 
15057 
15060 
15064 
15071 
15076 
15079 
15080 
15082 
15086 
15091 
15092 
15092 
15092 
15096 
15100 
15106 
15107 
15107 
15112 
15113 
15116 
15117 
15121 
15124 
15129 
15132 
15132 
15138 
15142 
15146 
15148 
15152 
15153 
15153 
15158 
15163 
15166 
15170 
15172 
15175 
15180 
15180 
15180 
15181 
15186 
15187 
15189 
15195 
15198 
15198 
15204 
15207 
15208 
15210 
15210 
15211 
15213 
15217 
15221 
15221 
15221 
15222 
15225 
15229 
15230 
15233 
15235 
15236 
15238 
15240 
15248 
15254 
15254 
15254 
15256 
15258 
15259 
15265 
15265 
15268 
15271 
15272 
15274 
15278 
15287 
15287 
15293 
15295 
15304 
15307 
15309 
15314 
15315 
15318 
15319 
15319 
15331 
15334 
15336 
15337 
15348 
15349 
15350 
15354 
15355 
15357 
15359 
15362 
15365 
15365 
15367 
15369 
15371 
15377 
15378 
15381 
15382 
15382 
15384 
15384 
15388 
15393 
15401 
15411 
15415 
15427 
15450 
15455 
15460 
15464 
15474 
15476 
15476 
15476 
15476 
15480 
15484 
15490 
15491 
15495 
15496 
15498 
15498 
15501 
15504 
15513 
15517 
15517 
15518 
15524 
15526 
15529 
15532 
15534 
15535 
15537 
15540 
15541 
15543 
15543 
15552 
15554 
15562 
15573 
15574 
15581 
15598 
15603 
15603 
15604 
15606 
15607 
15613 
15616 
15617 
15618 
15641 
15649 
15652 
15653 
15659 
15659 
15668 
15670 
15672 
15672 
15672 
15674 
15675 
15683 
15686 
15687 
15691 
15698 
15702 
15705 
15710 
15717 
15718 
15722 
15724 
15734 
15735 
15735 
15739 
15740 
15740 
15743 
15743 
15750 
15759 
15759 
15764 
15764 
15766 
15766 
15768 
15769 
15775 
15775 
15775 
15777 
15784 
15785 
15788 
15791 
15796 
15805 
15813 
15816 
15817 
15824 
15826 
15833 
15843 
15844 
15846 
15852 
15860 
15860 
15865 
15868 
15869 
15870 
15875 
15878 
15878 
15895 
15896 
15897 
15904 
15906 
15908 
15908 
15911 
15921 
15921 
15922 
15925 
15926 
15927 
15929 
15933 
15935 
15938 
15940 
15941 
15942 
15945 
15947 
15950 
15962 
15964 
15965 
15966 
15966 
15966 
15970 
15970 
15971 
15973 
15975 
15976 
15976 
15982 
15990 
15994 
15995 
15996 
15997 
15998 
16004 
16004 
16007 
16009 
16009 
16009 
16009 
16013 
16023 
16032 
16032 
16033 
16035 
16039 
16041 
16046 
16046 
16051 
16053 
16055 
16055 
16057 
16059 
16061 
16062 
16065 
16066 
16068 
16069 
16071 
16072 
16073 
16073 
16075 
16077 
16079 
16082 
16090 
16091 
16092 
16095 
16102 
16104 
16108 
16114 
16115 
16116 
16123 
16125 
16127 
16128 
16138 
16149 
16149 
16151 
16152 
16153 
16155 
16157 
16161 
16178 
16178 
16179 
16184 
16188 
16195 
16196 
16199 
16204 
16216 
16220 
16221 
16222 
16227 
16231 
16233 
16236 
16237 
16244 
16244 
16244 
16247 
16251 
16261 
16269 
16271 
16278 
16281 
16292 
16294 
16302 
16307 
16308 
16309 
16310 
16316 
16322 
16325 
16335 
16335 
16341 
16348 
16350 
16355 
16356 
16362 
16365 
16366 
16373 
16376 
16376 
16379 
16391 
16400 
16417 
16425 
16430 
16431 
16438 
16439 
16441 
16445 
16447 
16450 
16452 
16452 
16456 
16457 
16462 
16463 
16465 
16465 
16468 
16471 
16472 
16480 
16480 
16483 
16486 
16488 
16494 
16495 
16499 
16499 
16503 
16504 
16505 
16510 
16512 
16513 
16518 
16533 
16537 
16544 
16545 
16553 
16555 
16556 
16566 
16567 
16567 
16569 
16572 
16573 
16574 
16576 
16578 
16579 
16580 
16585 
16586 
16592 
16593 
16594 
16594 
16596 
16601 
16604 
16605 
16606 
16617 
16618 
16623 
16627 
16627 
16628 
16630 
16630 
16635 
16644 
16644 
16645 
16647 
16652 
16655 
16656 
16657 
16668 
16670 
16678 
16684 
16688 
16688 
16689 
16695 
16698 
16699 
16701 
16702 
16704 
16711 
16711 
16715 
16717 
16717 
16730 
16730 
16735 
16744 
16745 
16747 
16748 
16748 
16752 
16756 
16763 
16765 
16767 
16768 
16773 
16776 
16777 
16780 
16783 
16787 
16790 
16793 
16793 
16793 
16800 
16809 
16814 
16819 
16832 
16832 
16836 
16839 
16840 
16847 
16856 
16856 
16859 
16863 
16864 
16867 
16868 
16873 
16880 
16881 
16889 
16890 
16891 
16893 
16895 
16896 
16897 
16899 
16902 
16907 
16913 
16915 
16916 
16919 
16922 
16927 
16928 
16928 
16930 
16938 
16942 
16942 
16944 
16945 
16949 
16949 
16956 
16959 
16961 
16963 
16968 
16972 
16980 
16983 
16984 
16986 
16987 
16991 
16995 
16997 
16997 
16999 
17006 
17007 
17018 
17023 
17028 
17029 
17030 
17032 
17033 
17041 
17041 
17046 
17047 
17050 
17053 
17054 
17061 
17066 
17069 
17073 
17078 
17079 
17081 
17082 
17083 
17083 
17085 
17087 
17088 
17091 
17098 
17101 
17107 
17109 
17113 
17115 
17121 
17123 
17124 
17130 
17140 
17141 
17147 
17150 
17154 
17158 
17158 
17163 
17164 
17165 
17165 
17165 
17167 
17168 
17170 
17176 
17177 
17180 
17189 
17195 
17196 
17196 
17197 
17204 
17209 
17211 
17211 
17216 
17217 
17219 
17224 
17225 
17231 
17233 
17235 
17243 
17246 
17247 
17257 
17257 
17262 
17269 
17271 
17271 
17277 
17282 
17283 
17285 
17289 
17290 
17294 
17303 
17305 
17307 
17307 
17312 
17315 
17318 
17319 
17321 
17322 
17323 
17327 
17327 
17341 
17341 
17343 
17344 
17350 
17356 
17362 
17362 
17365 
17367 
17371 
17375 
17383 
17384 
17385 
17388 
17389 
17398 
17405 
17405 
17406 
17407 
17408 
17413 
17414 
17414 
17421 
17423 
17425 
17426 
17429 
17433 
17441 
17443 
17443 
17449 
17455 
17461 
17462 
17463 
17463 
17466 
17467 
17470 
17471 
17472 
17474 
17474 
17476 
17481 
17486 
17487 
17491 
17492 
17502 
17503 
17504 
17505 
17509 
17509 
17513 
17514 
17515 
17518 
17527 
17530 
17539 
17545 
17545 
17547 
17550 
17551 
17551 
17553 
17555 
17557 
17559 
17560 
17561 
17566 
17568 
17570 
17571 
17571 
17573 
17591 
17592 
17592 
17595 
17598 
17606 
17609 
17611 
17615 
17617 
17621 
17621 
17625 
17628 
17634 
17634 
17634 
17635 
17642 
17647 
17650 
17651 
17652 
17652 
17660 
17661 
17661 
17662 
17662 
17669 
17674 
17675 
17675 
17678 
17681 
17687 
17688 
17691 
17695 
17699 
17700 
17710 
17713 
17718 
17720 
17725 
17727 
17728 
17731 
17732 
17734 
17735 
17739 
17743 
17750 
17750 
17752 
17757 
17757 
17773 
17774 
17776 
17778 
17780 
17781 
17782 
17790 
17792 
17794 
17795 
17795 
17798 
17801 
17806 
17815 
17824 
17827 
17832 
17833 
17837 
17842 
17847 
17853 
17856 
17862 
17867 
17873 
17874 
17876 
17882 
17891 
17893 
17896 
17898 
17911 
17913 
17920 
17921 
17926 
17937 
17937 
17939 
17954 
17956 
17958 
17961 
17965 
17965 
17971 
17972 
17980 
17980 
17980 
17982 
17982 
17983 
17991 
17991 
17997 
17999 
18001 
18001 
18004 
18012 
18013 
18013 
18014 
18018 
18019 
18020 
18024 
18024 
18026 
18026 
18026 
18038 
18043 
18045 
18050 
18057 
18060 
18071 
18075 
18080 
18081 
18083 
18091 
18091 
18094 
18095 
18099 
18100 
18100 
18103 
18122 
18122 
18124 
18125 
18127 
18128 
18128 
18129 
18129 
18130 
18130 
18134 
18135 
18137 
18138 
18139 
18142 
18143 
18153 
18157 
18162 
18164 
18171 
18175 
18178 
18182 
18184 
18187 
18187 
18193 
18195 
18198 
18199 
18214 
18217 
18219 
18222 
18225 
18228 
18229 
18232 
18238 
18238 
18242 
18242 
18243 
18246 
18246 
18247 
18255 
18261 
18263 
18267 
18269 
18270 
18279 
18289 
18292 
18296 
18313 
18315 
18317 
18318 
18322 
18329 
18344 
18347 
18354 
18356 
18356 
18356 
18357 
18357 
18359 
18363 
18364 
18365 
18366 
18370 
18377 
18381 
18389 
18396 
18398 
18399 
18408 
18408 
18410 
18414 
18422 
18422 
18428 
18431 
18432 
18433 
18438 
18439 
18444 
18448 
18451 
18451 
18460 
18463 
18463 
18469 
18470 
18470 
18471 
18472 
18473 
18478 
18479 
18481 
18491 
18492 
18492 
18493 
18493 
18493 
18518 
18521 
18530 
18535 
18543 
18548 
18548 
18549 
18553 
18557 
18557 
18559 
18562 
18562 
18567 
18568 
18574 
18577 
18580 
18582 
18586 
18587 
18589 
18593 
18593 
18598 
18603 
18604 
18605 
18609 
18614 
18618 
18621 
18634 
18640 
18642 
18645 
18645 
18645 
18647 
18651 
18652 
18659 
18664 
18665 
18666 
18669 
18669 
18670 
18681 
18681 
18683 
18685 
18693 
18694 
18698 
18702 
18703 
18705 
18711 
18714 
18720 
18725 
18730 
18736 
18743 
18744 
18745 
18748 
18751 
18761 
18766 
18769 
18773 
18774 
18774 
18787 
18788 
18791 
18792 
18792 
18793 
18806 
18811 
18812 
18818 
18820 
18828 
18831 
18837 
18839 
18841 
18847 
18851 
18861 
18863 
18872 
18874 
18877 
18895 
18895 
18905 
18905 
18908 
18909 
18913 
18916 
18918 
18919 
18920 
18922 
18924 
18924 
18924 
18926 
18927 
18932 
18938 
18939 
18941 
18942 
18945 
18949 
18949 
18951 
18951 
18952 
18954 
18967 
18975 
18976 
18976 
18979 
18979 
18979 
18979 
18982 
18982 
18983 
18987 
18992 
18995 
19000 
19005 
19007 
19009 
19019 
19021 
19023 
19024 
19030 
19033 
19040 
19041 
19041 
19042 
19045 
19049 
19049 
19059 
19064 
19064 
19065 
19065 
19069 
19071 
19079 
19083 
19083 
19083 
19083 
19084 
19086 
19092 
19094 
19096 
19097 
19102 
19102 
19103 
19106 
19110 
19112 
19113 
19114 
19116 
19124 
19126 
19128 
19128 
19128 
19130 
19130 
19130 
19137 
19140 
19142 
19145 
19146 
19148 
19165 
19168 
19168 
19168 
19177 
19178 
19187 
19188 
19189 
19189 
19195 
19197 
19199 
19204 
19209 
19210 
19211 
19211 
19213 
19215 
19216 
19220 
19221 
19222 
19230 
19230 
19235 
19236 
19237 
19246 
19249 
19251 
19255 
19256 
19259 
19262 
19269 
19277 
19297 
19297 
19298 
19301 
19304 
19315 
19318 
19319 
19324 
19325 
19326 
19328 
19329 
19329 
19334 
19341 
19341 
19344 
19345 
19345 
19347 
19351 
19355 
19356 
19363 
19366 
19367 
19371 
19374 
19380 
19385 
19388 
19389 
19390 
19393 
19394 
19397 
19398 
19399 
19400 
19411 
19412 
19414 
19419 
19421 
19426 
19434 
19439 
19439 
19440 
19440 
19447 
19450 
19456 
19462 
19464 
19470 
19473 
19476 
19485 
19487 
19490 
19493 
19495 
19495 
19496 
19496 
19501 
19503 
19506 
19508 
19514 
19516 
19523 
19524 
19527 
19542 
19542 
19545 
19545 
19545 
19548 
19552 
19553 
19559 
19560 
19560 
19564 
19575 
19576 
19578 
19580 
19582 
19583 
19586 
19587 
19587 
19592 
19595 
19595 
19601 
19603 
19609 
19621 
19637 
19638 
19639 
19639 
19645 
19651 
19652 
19653 
19655 
19664 
19666 
19667 
19671 
19675 
19677 
19682 
19686 
19689 
19692 
19695 
19699 
19702 
19714 
19722 
19728 
19728 
19731 
19731 
19731 
19732 
19738 
19739 
19740 
19740 
19741 
19742 
19745 
19751 
19753 
19759 
19761 
19763 
19763 
19763 
19766 
19774 
19780 
19783 
19790 
19794 
19796 
19797 
19801 
19801 
19803 
19806 
19807 
19811 
19815 
19820 
19822 
19824 
19826 
19834 
19840 
19844 
19850 
19852 
19856 
19860 
19871 
19873 
19876 
19877 
19880 
19881 
19884 
19884 
19886 
19886 
19889 
19895 
19898 
19901 
19902 
19902 
19904 
19905 
19907 
19911 
19913 
19913 
19915 
19921 
19926 
19929 
19933 
19937 
19938 
19939 
19944 
19947 
19948 
19950 
19951 
19952 
19961 
19972 
19973 
19980 
19981 
19987 
19990 
19993 
19994 
19998 
19998 
20005 
20007 
20013 
20023 
20024 
20028 
20038 
20039 
20039 
20041 
20044 
20047 
20049 
20051 
20052 
20067 
20076 
20080 
20084 
20087 
20096 
20096 
20100 
20107 
20108 
20110 
20110 
20112 
20114 
20123 
20124 
20124 
20139 
20142 
20158 
20162 
20172 
20178 
20181 
20185 
20187 
20189 
20196 
20197 
20198 
20202 
20208 
20210 
20213 
20215 
20217 
20219 
20222 
20223 
20224 
20226 
20226 
20235 
20239 
20239 
20248 
20248 
20249 
20249 
20257 
20258 
20273 
20283 
20287 
20299 
20305 
20306 
20307 
20313 
20316 
20320 
20322 
20325 
20326 
20330 
20332 
20342 
20342 
20352 
20355 
20356 
20359 
20361 
20364 
20365 
20367 
20375 
20381 
20381 
20386 
20387 
20391 
20392 
20393 
20395 
20395 
20396 
20398 
20399 
20400 
20401 
20402 
20404 
20408 
20409 
20410 
20419 
20422 
20424 
20425 
20430 
20442 
20457 
20460 
20462 
20469 
20471 
20472 
20475 
20479 
20487 
20488 
20488 
20490 
20492 
20493 
20493 
20501 
20503 
20504 
20507 
20507 
20508 
20508 
20517 
20527 
20528 
20528 
20531 
20533 
20534 
20535 
20545 
20548 
20552 
20558 
20560 
20561 
20563 
20567 
20570 
20573 
20574 
20578 
20580 
20589 
20598 
20599 
20601 
20610 
20610 
20613 
20614 
20616 
20617 
20618 
20619 
20620 
20624 
20627 
20633 
20633 
20639 
20643 
20647 
20653 
20656 
20657 
20670 
20684 
20684 
20692 
20693 
20695 
20704 
20707 
20722 
20728 
20730 
20741 
20742 
20746 
20752 
20752 
20757 
20758 
20760 
20763 
20769 
20771 
20772 
20778 
20782 
20784 
20784 
20785 
20787 
20790 
20792 
20799 
20801 
20801 
20803 
20805 
20807 
20810 
20817 
20818 
20819 
20821 
20825 
20836 
20837 
20840 
20849 
20851 
20852 
20855 
20858 
20860 
20861 
20863 
20866 
20867 
20868 
20874 
20874 
20876 
20878 
20884 
20885 
20906 
20910 
20911 
20913 
20915 
20917 
20919 
20923 
20926 
20929 
20936 
20942 
20942 
20942 
20943 
20949 
20951 
20956 
20959 
20961 
20962 
20967 
20973 
20973 
20977 
20980 
20981 
20982 
20982 
20983 
20985 
20994 
20994 
20996 
20997 
21000 
21006 
21013 
21020 
21027 
21030 
21033 
21034 
21034 
21034 
21037 
21040 
21040 
21045 
21048 
21048 
21053 
21055 
21064 
21065 
21077 
21077 
21079 
21081 
21081 
21082 
21085 
21095 
21100 
21100 
21113 
21124 
21125 
21125 
21126 
21129 
21134 
21135 
21139 
21146 
21152 
21156 
21158 
21159 
21164 
21166 
21167 
21169 
21169 
21176 
21181 
21190 
21190 
21191 
21194 
21203 
21206 
21206 
21209 
21215 
21221 
21222 
21223 
21226 
21232 
21233 
21235 
21236 
21237 
21240 
21242 
21244 
21258 
21262 
21263 
21280 
21286 
21287 
21287 
21289 
21297 
21300 
21305 
21305 
21312 
21316 
21319 
21319 
21320 
21321 
21323 
21328 
21330 
21348 
21352 
21354 
21354 
21356 
21360 
21367 
21373 
21378 
21382 
21385 
21391 
21394 
21396 
21402 
21403 
21403 
21409 
21410 
21414 
21415 
21420 
21425 
21426 
21427 
21428 
21430 
21431 
21432 
21435 
21438 
21448 
21451 
21454 
21455 
21458 
21471 
21474 
21478 
21483 
21485 
21487 
21490 
21492 
21494 
21497 
21505 
21513 
21522 
21524 
21529 
21531 
21533 
21533 
21534 
21535 
21536 
21546 
21548 
21549 
21550 
21552 
21553 
21553 
21556 
21570 
21578 
21578 
21582 
21585 
21588 
21588 
21591 
21592 
21597 
21601 
21601 
21607 
21608 
21613 
21614 
21617 
21622 
21626 
21627 
21632 
21633 
21635 
21635 
21642 
21645 
21646 
21647 
21647 
21649 
21652 
21652 
21657 
21659 
21663 
21663 
21663 
21671 
21671 
21672 
21679 
21680 
21680 
21692 
21696 
21697 
21700 
21702 
21713 
21721 
21725 
21725 
21730 
21730 
21731 
21735 
21737 
21740 
21741 
21747 
21749 
21760 
21764 
21765 
21766 
21767 
21770 
21770 
21770 
21771 
21776 
21778 
21780 
21780 
21781 
21787 
21787 
21789 
21795 
21797 
21798 
21813 
21814 
21817 
21820 
21825 
21826 
21831 
21833 
21833 
21833 
21839 
21841 
21843 
21847 
21852 
21852 
21857 
21857 
21860 
21861 
21869 
21870 
21871 
21874 
21882 
21884 
21886 
21888 
21890 
21892 
21894 
21895 
21895 
21896 
21897 
21901 
21905 
21910 
21914 
21917 
21939 
21940 
21950 
21951 
21952 
21955 
21958 
21959 
21959 
21961 
21967 
21967 
21968 
21968 
21972 
21972 
21974 
21976 
21977 
21977 
21981 
21983 
21983 
21988 
21993 
21995 
21998 
22000 
22002 
22003 
22006 
22007 
22014 
22015 
22018 
22022 
22023 
22024 
22032 
22035 
22038 
22047 
22047 
22047 
22050 
22053 
22054 
22058 
22062 
22062 
22062 
22066 
22066 
22070 
22074 
22080 
22082 
22083 
22092 
22094 
22101 
22105 
22106 
22107 
22111 
22116 
22121 
22126 
22129 
22130 
22134 
22144 
22149 
22156 
22159 
22162 
22163 
22164 
22185 
22186 
22189 
22195 
22201 
22206 
22210 
22217 
22223 
22234 
22242 
22258 
22258 
22263 
22263 
22267 
22268 
22275 
22281 
22288 
22290 
22301 
22303 
22307 
22307 
22308 
22310 
22314 
22316 
22318 
22324 
22325 
22338 
22339 
22344 
22350 
22352 
22362 
22365 
22366 
22370 
22372 
22379 
22381 
22384 
22388 
22389 
22397 
22399 
22401 
22405 
22407 
22411 
22422 
22423 
22424 
22425 
22428 
22432 
22438 
22447 
22449 
22453 
22460 
22462 
22467 
22469 
22473 
22477 
22478 
22478 
22483 
22491 
22497 
22500 
22501 
22502 
22503 
22505 
22512 
22515 
22515 
22518 
22532 
22534 
22537 
22538 
22540 
22540 
22544 
22544 
22548 
22549 
22549 
22551 
22557 
22559 
22565 
22568 
22569 
22571 
22573 
22575 
22578 
22586 
22588 
22588 
22590 
22593 
22594 
22595 
22597 
22604 
22606 
22608 
22615 
22623 
22624 
22626 
22631 
22634 
22637 
22638 
22639 
22641 
22653 
22664 
22668 
22669 
22670 
22672 
22672 
22676 
22687 
22688 
22689 
22702 
22708 
22713 
22713 
22715 
22721 
22723 
22725 
22728 
22731 
22731 
22731 
22741 
22742 
22743 
22744 
22751 
22751 
22755 
22757 
22758 
22758 
22762 
22764 
22765 
22768 
22768 
22772 
22780 
22785 
22790 
22794 
22795 
22796 
22801 
22806 
22809 
22812 
22814 
22822 
22828 
22832 
22834 
22835 
22835 
22836 
22839 
22840 
22843 
22845 
22846 
22848 
22849 
22854 
22859 
22860 
22861 
22865 
22867 
22870 
22874 
22879 
22882 
22901 
22905 
22906 
22911 
22915 
22917 
22924 
22928 
22928 
22930 
22942 
22944 
22945 
22946 
22949 
22955 
22955 
22958 
22960 
22961 
22964 
22965 
22970 
22970 
22976 
22977 
22986 
22988 
22993 
22994 
22996 
22997 
23005 
23016 
23016 
23024 
23025 
23027 
23027 
23027 
23030 
23037 
23041 
23041 
23042 
23043 
23044 
23045 
23051 
23063 
23063 
23063 
23067 
23078 
23084 
23087 
23093 
23095 
23100 
23103 
23108 
23114 
23119 
23120 
23121 
23121 
23122 
23125 
23125 
23130 
23135 
23143 
23143 
23153 
23156 
23156 
23157 
23158 
23161 
23168 
23169 
23172 
23174 
23175 
23177 
23182 
23184 
23188 
23188 
23191 
23195 
23197 
23199 
23205 
23208 
23211 
23212 
23213 
23214 
23217 
23218 
23223 
23225 
23227 
23228 
23228 
23231 
23233 
23233 
23235 
23236 
23248 
23249 
23251 
23252 
23252 
23256 
23256 
23257 
23262 
23264 
23268 
23269 
23270 
23271 
23274 
23278 
23281 
23282 
23283 
23294 
23295 
23295 
23296 
23308 
23308 
23309 
23309 
23329 
23330 
23333 
23336 
23337 
23340 
23343 
23360 
23361 
23362 
23374 
23374 
23376 
23376 
23380 
23380 
23399 
23400 
23402 
23405 
23405 
23410 
23411 
23412 
23414 
23415 
23418 
23423 
23431 
23438 
23441 
23451 
23453 
23454 
23456 
23456 
23458 
23464 
23470 
23472 
23475 
23478 
23479 
23485 
23492 
23495 
23495 
23496 
23498 
23499 
23499 
23508 
23509 
23509 
23518 
23528 
23531 
23538 
23550 
23557 
23561 
23562 
23562 
23567 
23568 
23578 
23579 
23580 
23582 
23583 
23592 
23593 
23593 
23596 
23598 
23598 
23600 
23603 
23613 
23618 
23619 
23619 
23620 
23621 
23629 
23630 
23635 
23637 
23640 
23642 
23643 
23647 
23648 
23650 
23651 
23656 
23656 
23657 
23658 
23666 
23668 
23676 
23677 
23679 
23679 
23683 
23687 
23688 
23688 
23690 
23692 
23694 
23702 
23709 
23712 
23716 
23717 
23718 
23718 
23725 
23725 
23727 
23729 
23731 
23734 
23735 
23736 
23742 
23746 
23748 
23749 
23751 
23753 
23754 
23755 
23759 
23761 
23762 
23762 
23765 
23770 
23770 
23772 
23776 
23781 
23784 
23787 
23791 
23792 
23793 
23800 
23805 
23809 
23818 
23823 
23831 
23832 
23834 
23840 
23842 
23843 
23844 
23845 
23848 
23852 
23863 
23873 
23876 
23881 
23882 
23886 
23886 
23889 
23893 
23895 
23898 
23905 
23906 
23906 
23908 
23912 
23916 
23917 
23918 
23922 
23922 
23925 
23928 
23929 
23931 
23943 
23944 
23953 
23953 
23958 
23963 
23967 
23971 
23974 
23980 
23982 
23983 
23985 
23991 
23995 
23997 
24001 
24002 
24003 
24005 
24006 
24010 
24015 
24019 
24033 
24033 
24040 
24042 
24050 
24051 
24058 
24062 
24063 
24063 
24065 
24067 
24070 
24070 
24081 
24090 
24091 
24092 
24092 
24095 
24096 
24098 
24098 
24099 
24100 
24101 
24102 
24102 
24103 
24113 
24119 
24121 
24123 
24133 
24136 
24136 
24144 
24144 
24145 
24146 
24146 
24148 
24148 
24151 
24151 
24151 
24154 
24160 
24163 
24164 
24165 
24169 
24173 
24173 
24175 
24176 
24178 
24179 
24184 
24188 
24194 
24196 
24197 
24200 
24205 
24216 
24217 
24219 
24222 
24225 
24226 
24231 
24232 
24233 
24233 
24241 
24241 
24248 
24250 
24254 
24254 
24257 
24260 
24263 
24265 
24270 
24277 
24279 
24283 
24283 
24284 
24284 
24288 
24293 
24305 
24314 
24316 
24319 
24320 
24327 
24327 
24331 
24335 
24336 
24341 
24345 
24360 
24361 
24361 
24363 
24364 
24364 
24365 
24369 
24371 
24375 
24382 
24394 
24396 
24397 
24397 
24403 
24406 
24409 
24422 
24425 
24425 
24425 
24429 
24438 
24439 
24441 
24443 
24446 
24449 
24450 
24450 
24453 
24458 
24461 
24463 
24470 
24470 
24482 
24485 
24489 
24490 
24495 
24504 
24508 
24513 
24519 
24528 
24529 
24530 
24531 
24532 
24535 
24544 
24546 
24547 
24547 
24549 
24551 
24551 
24552 
24553 
24554 
24560 
24565 
24566 
24579 
24585 
24586 
24592 
24594 
24595 
24595 
24595 
24599 
24601 
24602 
24604 
24608 
24611 
24613 
24613 
24615 
24617 
24618 
24626 
24628 
24628 
24634 
24638 
24642 
24645 
24663 
24666 
24668 
24668 
24669 
24678 
24682 
24686 
24694 
24694 
24701 
24703 
24707 
24707 
24712 
24716 
24716 
24716 
24719 
24722 
24728 
24728 
24730 
24730 
24732 
24734 
24736 
24742 
24752 
24753 
24754 
24756 
24756 
24756 
24760 
24763 
24763 
24765 
24766 
24767 
24769 
24769 
24771 
24777 
24780 
24791 
24797 
24800 
24801 
24806 
24806 
24810 
24811 
24812 
24813 
24817 
24819 
24828 
24830 
24831 
24831 
24840 
24842 
24843 
24844 
24852 
24856 
24856 
24857 
24866 
24866 
24868 
24873 
24878 
24887 
24889 
24892 
24900 
24908 
24911 
24918 
24924 
24927 
24928 
24935 
24935 
24935 
24938 
24944 
24951 
24953 
24957 
24958 
24962 
24973 
24976 
24978 
24992 
24992 
24998 
25003 
25004 
25005 
25009 
25013 
25014 
25016 
25017 
25018 
25022 
25027 
25033 
25034 
25046 
25047 
25047 
25050 
25051 
25053 
25055 
25055 
25056 
25058 
25070 
25071 
25074 
25074 
25078 
25084 
25087 
25088 
25091 
25092 
25096 
25100 
25100 
25107 
25109 
25110 
25111 
25112 
25114 
25117 
25118 
25119 
25120 
25121 
25122 
25125 
25129 
25132 
25133 
25148 
25149 
25155 
25157 
25161 
25172 
25174 
25175 
25182 
25188 
25188 
25190 
25191 
25195 
25197 
25200 
25201 
25209 
25209 
25211 
25219 
25220 
25222 
25224 
25225 
25227 
25228 
25234 
25235 
25239 
25239 
25244 
25245 
25246 
25247 
25248 
25248 
25250 
25256 
25256 
25261 
25267 
25267 
25272 
25275 
25284 
25287 
25294 
25296 
25301 
25301 
25304 
25305 
25310 
25312 
25316 
25319 
25322 
25332 
25335 
25342 
25343 
25343 
25348 
25353 
25354 
25359 
25361 
25363 
25363 
25367 
25374 
25376 
25379 
25382 
25387 
25394 
25400 
25408 
25410 
25411 
25412 
25416 
25417 
25418 
25418 
25418 
25421 
25421 
25421 
25423 
25423 
25427 
25438 
25439 
25451 
25452 
25458 
25463 
25466 
25469 
25474 
25474 
25475 
25476 
25478 
25478 
25479 
25482 
25483 
25484 
25484 
25489 
25493 
25494 
25497 
25510 
25513 
25513 
25516 
25517 
25525 
25527 
25529 
25533 
25542 
25544 
25545 
25547 
25548 
25549 
25550 
25551 
25555 
25555 
25559 
25561 
25564 
25567 
25568 
25573 
25573 
25574 
25581 
25581 
25598 
25598 
25599 
25601 
25601 
25609 
25610 
25618 
25620 
25624 
25624 
25625 
25625 
25628 
25630 
25632 
25633 
25638 
25638 
25643 
25645 
25646 
25648 
25649 
25653 
25657 
25662 
25663 
25666 
25670 
25671 
25675 
25679 
25684 
25693 
25703 
25705 
25708 
25711 
25723 
25725 
25735 
25736 
25738 
25743 
25743 
25747 
25748 
25750 
25752 
25757 
25759 
25763 
25771 
25773 
25777 
25779 
25797 
25801 
25803 
25811 
25814 
25815 
25834 
25835 
25837 
25842 
25848 
25860 
25865 
25866 
25867 
25868 
25868 
25869 
25877 
25881 
25882 
25882 
25884 
25885 
25887 
25891 
25898 
25900 
25905 
25911 
25912 
25917 
25918 
25921 
25921 
25927 
25933 
25934 
25935 
25939 
25941 
25943 
25949 
25950 
25952 
25953 
25959 
25961 
25965 
25968 
25968 
25970 
25970 
25976 
25980 
25997 
25998 
25999 
26002 
26004 
26006 
26007 
26009 
26011 
26016 
26016 
26019 
26023 
26031 
26035 
26039 
26045 
26045 
26048 
26051 
26057 
26059 
26063 
26064 
26068 
26069 
26071 
26079 
26084 
26085 
26086 
26087 
26094 
26098 
26100 
26103 
26107 
26115 
26118 
26119 
26125 
26126 
26129 
26134 
26141 
26146 
26148 
26159 
26161 
26163 
26180 
26189 
26195 
26199 
26200 
26202 
26203 
26203 
26205 
26206 
26218 
26219 
26220 
26222 
26226 
26229 
26229 
26231 
26231 
26233 
26237 
26245 
26247 
26251 
26251 
26257 
26261 
26262 
26272 
26280 
26282 
26283 
26283 
26289 
26291 
26293 
26294 
26298 
26298 
26299 
26303 
26310 
26312 
26315 
26316 
26323 
26323 
26326 
26332 
26334 
26338 
26339 
26340 
26341 
26341 
26345 
26348 
26358 
26363 
26365 
26367 
26376 
26382 
26386 
26389 
26400 
26405 
26405 
26407 
26408 
26412 
26412 
26418 
26426 
26426 
26429 
26430 
26441 
26442 
26445 
26458 
26461 
26464 
26467 
26470 
26470 
26476 
26481 
26484 
26487 
26488 
26490 
26490 
26492 
26493 
26499 
26505 
26506 
26509 
26512 
26523 
26524 
26526 
26529 
26533 
26545 
26546 
26549 
26553 
26554 
26555 
26555 
26556 
26560 
26562 
26568 
26571 
26572 
26573 
26575 
26583 
26583 
26586 
26587 
26594 
26597 
26597 
26600 
26600 
26601 
26608 
26613 
26614 
26617 
26617 
26624 
26625 
26626 
26640 
26649 
26652 
26655 
26657 
26665 
26666 
26673 
26691 
26696 
26697 
26700 
26702 
26703 
26703 
26704 
26715 
26715 
26719 
26719 
26724 
26726 
26732 
26734 
26738 
26738 
26740 
26741 
26742 
26744 
26747 
26747 
26750 
26750 
26752 
26752 
26753 
26753 
26755 
26758 
26759 
26775 
26775 
26782 
26788 
26789 
26799 
26801 
26803 
26807 
26816 
26820 
26821 
26825 
26827 
26833 
26839 
26841 
26845 
26848 
26848 
26849 
26850 
26854 
26857 
26858 
26859 
26866 
26866 
26872 
26872 
26873 
26877 
26878 
26878 
26884 
26887 
26893 
26894 
26895 
26900 
26917 
26919 
26921 
26926 
26936 
26940 
26941 
26944 
26949 
26952 
26953 
26956 
26957 
26971 
26980 
26984 
26985 
26986 
26989 
26994 
26994 
26995 
26997 
27002 
27003 
27006 
27010 
27012 
27017 
27022 
27023 
27027 
27029 
27034 
27036 
27038 
27039 
27041 
27044 
27045 
27045 
27047 
27048 
27059 
27059 
27060 
27065 
27070 
27072 
27073 
27073 
27076 
27091 
27092 
27098 
27105 
27110 
27110 
27111 
27114 
27114 
27116 
27116 
27120 
27122 
27123 
27125 
27126 
27129 
27131 
27132 
27133 
27150 
27160 
27162 
27167 
27168 
27182 
27186 
27193 
27194 
27195 
27195 
27198 
27199 
27203 
27207 
27214 
27219 
27221 
27229 
27229 
27231 
27232 
27237 
27237 
27241 
27241 
27248 
27249 
27253 
27256 
27261 
27266 
27271 
27272 
27276 
27276 
27283 
27284 
27285 
27287 
27287 
27293 
27295 
27302 
27303 
27306 
27308 
27313 
27315 
27317 
27319 
27320 
27322 
27323 
27328 
27329 
27329 
27331 
27331 
27342 
27345 
27347 
27351 
27356 
27356 
27363 
27364 
27366 
27369 
27371 
27375 
27381 
27387 
27391 
27393 
27395 
27398 
27399 
27410 
27417 
27419 
27423 
27424 
27429 
27429 
27434 
27440 
27441 
27443 
27444 
27445 
27446 
27448 
27448 
27450 
27452 
27456 
27461 
27465 
27467 
27469 
27477 
27478 
27482 
27487 
27489 
27493 
27493 
27496 
27499 
27500 
27502 
27505 
27507 
27508 
27520 
27524 
27529 
27532 
27535 
27537 
27540 
27549 
27554 
27554 
27554 
27554 
27554 
27559 
27561 
27565 
27569 
27569 
27569 
27570 
27570 
27571 
27572 
27575 
27577 
27578 
27584 
27585 
27586 
27587 
27587 
27588 
27589 
27597 
27601 
27608 
27610 
27620 
27623 
27624 
27630 
27632 
27633 
27639 
27640 
27646 
27651 
27653 
27656 
27657 
27657 
27657 
27664 
27666 
27669 
27670 
27671 
27676 
27680 
27682 
27685 
27685 
27690 
27700 
27702 
27704 
27706 
27712 
27713 
27720 
27724 
27727 
27729 
27730 
27738 
27739 
27742 
27745 
27751 
27755 
27757 
27758 
27759 
27764 
27766 
27768 
27777 
27779 
27780 
27782 
27785 
27789 
27792 
27792 
27798 
27805 
27806 
27807 
27808 
27809 
27810 
27810 
27831 
27834 
27836 
27838 
27838 
27838 
27851 
27852 
27856 
27858 
27864 
27866 
27867 
27868 
27869 
27872 
27875 
27875 
27876 
27877 
27882 
27882 
27884 
27888 
27892 
27894 
27899 
27902 
27905 
27905 
27907 
27909 
27910 
27912 
27916 
27922 
27922 
27923 
27925 
27927 
27929 
27930 
27931 
27933 
27933 
27936 
27938 
27939 
27941 
27942 
27949 
27950 
27951 
27953 
27970 
27976 
27978 
27984 
27991 
27992 
28003 
28003 
28004 
28007 
28008 
28008 
28009 
28010 
28015 
28016 
28017 
28017 
28022 
28027 
28029 
28033 
28033 
28033 
28037 
28037 
28042 
28042 
28045 
28052 
28053 
28054 
28055 
28063 
28066 
28071 
28079 
28081 
28082 
28084 
28089 
28094 
28100 
28105 
28109 
28116 
28125 
28127 
28130 
28133 
28135 
28139 
28143 
28146 
28146 
28147 
28161 
28161 
28164 
28168 
28171 
28181 
28187 
28188 
28191 
28193 
28197 
28197 
28200 
28211 
28217 
28220 
28224 
28232 
28233 
28236 
28239 
28242 
28248 
28251 
28257 
28267 
28273 
28278 
28278 
28278 
28280 
28282 
28287 
28295 
28303 
28307 
28309 
28311 
28313 
28320 
28323 
28325 
28332 
28334 
28337 
28337 
28339 
28341 
28345 
28354 
28356 
28356 
28358 
28359 
28367 
28367 
28368 
28368 
28369 
28378 
28381 
28381 
28390 
28392 
28396 
28399 
28399 
28402 
28405 
28413 
28413 
28432 
28435 
28437 
28442 
28444 
28444 
28450 
28451 
28451 
28454 
28458 
28461 
28462 
28463 
28467 
28471 
28473 
28478 
28479 
28482 
28486 
28490 
28493 
28494 
28504 
28506 
28517 
28525 
28526 
28528 
28529 
28530 
28533 
28536 
28538 
28541 
28547 
28549 
28550 
28553 
28559 
28561 
28564 
28566 
28575 
28576 
28578 
28583 
28586 
28589 
28593 
28610 
28611 
28614 
28619 
28627 
28633 
28639 
28640 
28640 
28650 
28651 
28657 
28658 
28666 
28667 
28672 
28674 
28676 
28679 
28681 
28687 
28701 
28704 
28706 
28709 
28710 
28710 
28710 
28716 
28718 
28718 
28720 
28724 
28729 
28729 
28734 
28734 
28738 
28739 
28743 
28745 
28748 
28749 
28752 
28760 
28762 
28766 
28773 
28776 
28776 
28784 
28788 
28790 
28795 
28797 
28799 
28803 
28804 
28805 
28807 
28808 
28815 
28817 
28817 
28819 
28820 
28821 
28826 
28830 
28838 
28840 
28842 
28852 
28861 
28863 
28864 
28867 
28871 
28872 
28872 
28880 
28882 
28884 
28889 
28890 
28891 
28895 
28909 
28913 
28913 
28922 
28931 
28935 
28935 
28936 
28943 
28953 
28955 
28957 
28961 
28966 
28966 
28967 
28971 
28972 
28973 
28974 
28974 
28974 
28980 
28980 
28981 
28983 
28984 
28990 
28991 
28992 
28993 
29003 
29003 
29004 
29009 
29015 
29017 
29022 
29026 
29029 
29031 
29031 
29033 
29035 
29039 
29040 
29043 
29047 
29047 
29054 
29056 
29058 
29059 
29066 
29069 
29070 
29073 
29074 
29086 
29093 
29094 
29096 
29100 
29113 
29115 
29116 
29121 
29123 
29125 
29127 
29127 
29128 
29132 
29133 
29135 
29137 
29140 
29141 
29141 
29142 
29148 
29149 
29150 
29151 
29152 
29152 
29155 
29158 
29158 
29160 
29167 
29167 
29171 
29171 
29172 
29175 
29177 
29178 
29178 
29179 
29182 
29188 
29188 
29189 
29196 
29197 
29198 
29198 
29204 
29214 
29215 
29216 
29216 
29218 
29221 
29221 
29224 
29225 
29226 
29235 
29235 
29255 
29260 
29265 
29266 
29271 
29275 
29284 
29284 
29287 
29288 
29289 
29292 
29292 
29301 
29304 
29306 
29309 
29310 
29312 
29316 
29318 
29325 
29330 
29332 
29334 
29338 
29341 
29344 
29344 
29345 
29359 
29361 
29368 
29376 
29379 
29380 
29381 
29383 
29389 
29390 
29399 
29399 
29402 
29407 
29409 
29416 
29418 
29421 
29422 
29423 
29426 
29428 
29435 
29438 
29438 
29453 
29455 
29462 
29465 
29478 
29479 
29480 
29489 
29489 
29492 
29494 
29497 
29498 
29500 
29500 
29502 
29505 
29510 
29512 
29513 
29513 
29515 
29515 
29524 
29531 
29531 
29540 
29551 
29557 
29562 
29562 
29565 
29571 
29571 
29572 
29581 
29582 
29586 
29590 
29594 
29603 
29603 
29606 
29606 
29608 
29610 
29613 
29614 
29617 
29621 
29625 
29631 
29631 
29636 
29638 
29638 
29640 
29646 
29656 
29662 
29672 
29676 
29677 
29677 
29678 
29680 
29683 
29685 
29687 
29692 
29695 
29696 
29697 
29698 
29699 
29700 
29704 
29705 
29717 
29721 
29723 
29725 
29730 
29732 
29734 
29735 
29736 
29738 
29740 
29745 
29745 
29747 
29754 
29756 
29757 
29759 
29760 
29767 
29776 
29777 
29777 
29778 
29787 
29792 
29795 
29797 
29812 
29816 
29819 
29820 
29822 
29825 
29826 
29828 
29829 
29833 
29835 
29838 
29839 
29842 
29857 
29858 
29859 
29862 
29863 
29865 
29867 
29871 
29872 
29873 
29877 
29877 
29883 
29887 
29889 
29890 
29891 
29900 
29913 
29916 
29916 
29918 
29919 
29925 
29925 
29927 
29928 
29929 
29930 
29934 
29937 
29943 
29947 
29951 
29951 
29953 
29961 
29961 
29962 
29971 
29979 
29984 
29985 
29990 
29990 
29992 
29995 
29999 
30001 
30006 
30012 
30013 
30015 
30019 
30022 
30024 
30027 
30029 
30031 
30032 
30040 
30040 
30041 
30043 
30044 
30046 
30049 
30050 
30055 
30062 
30063 
30066 
30066 
30071 
30072 
30083 
30083 
30087 
30089 
30089 
30094 
30102 
30103 
30106 
30111 
30113 
30114 
30117 
30124 
30124 
30128 
30128 
30131 
30134 
30138 
30139 
30139 
30140 
30145 
30154 
30159 
30163 
30171 
30172 
30173 
30179 
30183 
30187 
30192 
30203 
30203 
30203 
30204 
30206 
30218 
30220 
30225 
30227 
30227 
30230 
30233 
30233 
30233 
30240 
30245 
30248 
30250 
30250 
30253 
30257 
30257 
30259 
30260 
30262 
30271 
30276 
30285 
30288 
30289 
30293 
30295 
30303 
30306 
30306 
30309 
30311 
30315 
30318 
30322 
30322 
30323 
30325 
30325 
30330 
30332 
30335 
30342 
30346 
30348 
30353 
30355 
30358 
30363 
30363 
30379 
30384 
30384 
30389 
30389 
30390 
30390 
30391 
30397 
30400 
30402 
30402 
30403 
30404 
30409 
30413 
30416 
30416 
30420 
30421 
30423 
30426 
30427 
30434 
30434 
30436 
30438 
30444 
30444 
30445 
30446 
30447 
30448 
30449 
30458 
30468 
30468 
30469 
30472 
30477 
30479 
30481 
30482 
30482 
30491 
30494 
30498 
30502 
30504 
30506 
30507 
30509 
30513 
30516 
30522 
30532 
30532 
30536 
30539 
30539 
30541 
30542 
30546 
30553 
30556 
30558 
30558 
30558 
30565 
30572 
30576 
30581 
30582 
30583 
30584 
30584 
30584 
30586 
30592 
30598 
30604 
30604 
30609 
30609 
30610 
30612 
30622 
30632 
30632 
30634 
30637 
30647 
30650 
30650 
30652 
30655 
30661 
30661 
30664 
30665 
30670 
30671 
30673 
30676 
30680 
30689 
30692 
30696 
30699 
30706 
30706 
30712 
30712 
30718 
30721 
30725 
30726 
30737 
30745 
30752 
30761 
30766 
30775 
30790 
30800 
30802 
30804 
30806 
30809 
30809 
30811 
30818 
30821 
30828 
30830 
30831 
30839 
30841 
30851 
30851 
30854 
30857 
30866 
30866 
30869 
30872 
30875 
30877 
30881 
30881 
30883 
30899 
30902 
30903 
30904 
30904 
30904 
30918 
30920 
30923 
30925 
30931 
30936 
30940 
30940 
30943 
30947 
30948 
30952 
30955 
30955 
30955 
30955 
30959 
30959 
30964 
30968 
30970 
30981 
30987 
30988 
30988 
30994 
30997 
30998 
31008 
31017 
31022 
31025 
31031 
31035 
31036 
31042 
31042 
31043 
31045 
31048 
31049 
31052 
31055 
31060 
31068 
31068 
31077 
31082 
31083 
31108 
31110 
31119 
31124 
31126 
31128 
31132 
31142 
31148 
31150 
31151 
31151 
31160 
31166 
31167 
31178 
31185 
31186 
31188 
31188 
31207 
31207 
31209 
31213 
31221 
31228 
31232 
31232 
31236 
31238 
31241 
31244 
31246 
31246 
31246 
31248 
31248 
31249 
31250 
31255 
31255 
31258 
31259 
31260 
31261 
31269 
31269 
31271 
31274 
31285 
31289 
31289 
31290 
31292 
31295 
31297 
31301 
31304 
31308 
31309 
31326 
31327 
31327 
31329 
31330 
31330 
31330 
31330 
31340 
31340 
31340 
31344 
31348 
31348 
31349 
31350 
31353 
31356 
31358 
31366 
31383 
31387 
31388 
31391 
31392 
31394 
31395 
31399 
31404 
31413 
31415 
31419 
31419 
31419 
31419 
31420 
31422 
31422 
31426 
31430 
31430 
31430 
31432 
31434 
31438 
31439 
31440 
31441 
31446 
31450 
31451 
31451 
31460 
31465 
31472 
31476 
31477 
31478 
31479 
31487 
31487 
31488 
31488 
31495 
31496 
31496 
31497 
31497 
31501 
31504 
31507 
31509 
31516 
31517 
31521 
31522 
31523 
31526 
31528 
31529 
31529 
31531 
31531 
31532 
31535 
31541 
31541 
31543 
31544 
31552 
31560 
31561 
31572 
31574 
31581 
31582 
31586 
31589 
31591 
31594 
31594 
31594 
31599 
31599 
31599 
31602 
31602 
31603 
31605 
31614 
31615 
31624 
31634 
31636 
31636 
31645 
31647 
31647 
31647 
31648 
31650 
31651 
31653 
31653 
31653 
31654 
31655 
31656 
31656 
31658 
31658 
31668 
31676 
31678 
31683 
31687 
31687 
31687 
31689 
31689 
31689 
31693 
31695 
31706 
31708 
31711 
31712 
31712 
31712 
31714 
31718 
31720 
31721 
31723 
31724 
31731 
31733 
31740 
31749 
31750 
31755 
31756 
31756 
31756 
31757 
31757 
31759 
31760 
31760 
31767 
31768 
31773 
31773 
31775 
31775 
31777 
31785 
31786 
31789 
31800 
31802 
31802 
31808 
31810 
31811 
31812 
31812 
31812 
31814 
31814 
31819 
31821 
31822 
31822 
31826 
31835 
31837 
31850 
31851 
31855 
31861 
31861 
31862 
31869 
31874 
31875 
31877 
31877 
31877 
31885 
31886 
31886 
31887 
31887 
31888 
31890 
31891 
31893 
31894 
31894 
31897 
31897 
31899 
31903 
31907 
31912 
31922 
31927 
31929 
31932 
31934 
31934 
31936 
31936 
31936 
31942 
31942 
31944 
31946 
31953 
31960 
31960 
31964 
31967 
31975 
31975 
31976 
31977 
31979 
31979 
31985 
31985 
31990 
31994 
31994 
31995 
32000 
32002 
32004 
32004 
32008 
32008 
32008 
32016 
32021 
32033 
32035 
32039 
32039 
32044 
32049 
32049 
32051 
32055 
32056 
32056 
32058 
32058 
32067 
32075 
32075 
32076 
32077 
32080 
32082 
32087 
32090 
32091 
32094 
32103 
32107 
32113 
32114 
32117 
32123 
32124 
32127 
32133 
32134 
32139 
32140 
32141 
32143 
32143 
32144 
32145 
32151 
32152 
32152 
32153 
32155 
32155 
32159 
32161 
32161 
32162 
32162 
32168 
32169 
32170 
32170 
32170 
32171 
32172 
32176 
32184 
32184 
32184 
32188 
32188 
32189 
32192 
32195 
32196 
32196 
32201 
32204 
32205 
32205 
32207 
32214 
32218 
32219 
32219 
32221 
32230 
32230 
32230 
32234 
32234 
32237 
32237 
32237 
32237 
32240 
32240 
32240 
32247 
32249 
32249 
32252 
32252 
32256 
32257 
32258 
32259 
32263 
32263 
32274 
32278 
32278 
32278 
32284 
32286 
32288 
32288 
32288 
32288 
32288 
32292 
32292 
32302 
32302 
32302 
32303 
32303 
32303 
32303 
32308 
32308 
32308 
32311 
32312 
32319 
32319 
32328 
32336 
32336 
32343 
32343 
32344 
32346 
32346 
32349 
32349 
32353 
32353 
32354 
32358 
32359 
32359 
32361 
32363 
32363 
32363 
32363 
32367 
32370 
32372 
32374 
32380 
32380 
32382 
32386 
32386 
32394 
32396 
32396 
32397 
32402 
32402 
32402 
32404 
32404 
32408 
32415 
32415 
32416 
32416 
32416 
32416 
32416 
32417 
32418 
32418 
32418 
32418 
32427 
32427 
32427 
32429 
32429 
32431 
32433 
32434 
32437 
32437 
32437 
32437 
32437 
32439 
32442 
32442 
32442 
32442 
32442 
32446 
32447 
32449 
32449 
32449 
32451 
32451 
32452 
32454 
32454 
32454 
32455 
32455 
32455 
32458 
32458 
32458 
32459 
32459 
32459 
32459 
32459 
32459 
32461 
32461 
32463 
32463 
32466 
32466 
32469 
32475 
32476 
32480 
32480 
32481 
32483 
32483 
32495 
32495 
32499 
32499 
32508 
32510 
32515 
32520 
32520 
32520 
32520 
32521 
32521 
32521 
32524 
32524 
32524 
32524 
32527 
32532 
32532 
32533 
32535 
32535 
32535 
32536 
32536 
32545 
32545 
32545 
32546 
32548 
32548 
32556 
32556 
32557 
32557 
32563 
32563 
32565 
32565 
32565 
32565 
32565 
32566 
32566 
32566 
32569 
32569 
32569 
32573 
32573 
32584 
32584 
32584 
32584 
32584 
32584 
32591 
32591 
32591 
32596 
32596 
32596 
32596 
32596 
32597 
32597 
32597 
32597 
32598 
32602 
32605 
32606 
32606 
32606 
32613 
32613 
32614 
32616 
32618 
32618 
32618 
32618 
32620 
32620 
32624 
32624 
32624 
32624 
32626 
32626 
32626 
32627 
32627 
32627 
32627 
32627 
32627 
32633 
32651 
32651 
32651 
32651 
32658 
32658 
32658 
32658 
32661 
32661 
32663 
32663 
32663 
32663 
32666 
32670 
32670 
32670 
32670 
32672 
32672 
32674 
32674 
32674 
32674 
32677 
32677 
32678 
32678 
32678 
32689 
32689 
32691 
32691 
32691 
32694 
32694 
32694 
32694 
32695 
32695 
32695 
32695 
32695 
32699 
32699 
32699 
32700 
32700 
32705 
32705 
32707 
32707 
32707 
32710 
32710 
32710 
32710 
32710 
32710 
32711 
32711 
32711 
32711 
32712 
32714 
32714 
32715 
32715 
32715 
32715 
32715 
32715 
32715 
32716 
32716 
32716 
32716 
32718 
32718 
32718 
32718 
32719 
32720 
32720 
32720 
32720 
32720 
32720 
32720 
32720 
32721 
32721 
32721 
32721 
32721 
32724 
32724 
32724 
32733 
32733 
32733 
32733 
32733 
32733 
32733 
32737 
32737 
32737 
32738 
32738 
32738 
32738 
32742 
32742 
32742 
32742 
32743 
32743 
32743 
32743 
32743 
32747 
32747 
32747 
32747 
32747 
32748 
32748 
32748 
32754 
32754 
32754 
32754 
32754 
32754 
32756 
32756 
32756 
32756 
32756 
32761 
32761 
32761 
32761 
32761 
32761 
